{
  "camera_angle_x": 0.4531720889496093,
  "w": 2000.0,
  "h": 2000.0,
  "cx": 1000.0,
  "cy": 1000.0,
  "fl_x": 4337.545999999999,
  "fl_y": 4337.545999999999,
  "frames": [
    {
      "file_path": "images/train_001.png",
      "transform_matrix": [
        [
          0.0,
          0.0,
          1.0,
          4.337546
        ],
        [
          1.0,
          0.0,
          -0.0,
          0.0
        ],
        [
          -0.0,
          1.0,
          0.0,
          0.0
        ],
        [
          0.0,
          0.0,
          0.0,
          1.0
        ]
      ]
    },
    {
      "file_path": "images/train_002.png",
      "transform_matrix": [
        [
          0.0245368665,
          0.0,
          0.9996989258,
          4.3362400767
        ],
        [
          0.9996989258,
          0.0,
          -0.0245368665,
          -0.1064297872
        ],
        [
          -0.0,
          1.0,
          0.0,
          0.0
        ],
        [
          0.0,
          0.0,
          0.0,
          1.0
        ]
      ]
    },
    {
      "file_path": "images/train_003.png",
      "transform_matrix": [
        [
          0.0490415259,
          0.0,
          0.9987967405,
          4.3323268064
        ],
        [
          0.9987967405,
          0.0,
          -0.0490415259,
          -0.2127198745
        ],
        [
          -0.0,
          1.0,
          0.0,
          0.0
        ],
        [
          0.0,
          0.0,
          0.0,
          1.0
        ]
      ]
    },
    {
      "file_path": "images/train_004.png",
      "transform_matrix": [
        [
          0.0735515091,
          0.0,
          0.9972914196,
          4.3257974077
        ],
        [
          0.9972914196,
          0.0,
          -0.0735515091,
          -0.3190330541
        ],
        [
          -0.0,
          1.0,
          0.0,
          0.0
        ],
        [
          0.0,
          0.0,
          0.0,
          1.0
        ]
      ]
    },
    {
      "file_path": "images/train_005.png",
      "transform_matrix": [
        [
          0.0979997711,
          0.0,
          0.9951864372,
          4.3166669501
        ],
        [
          0.9951864372,
          0.0,
          -0.0979997711,
          -0.425078515
        ],
        [
          -0.0,
          1.0,
          0.0,
          0.0
        ],
        [
          0.0,
          0.0,
          0.0,
          1.0
        ]
      ]
    },
    {
      "file_path": "images/train_006.png",
      "transform_matrix": [
        [
          0.1223890226,
          0.0,
          0.9924822049,
          4.3049372181
        ],
        [
          0.9924822049,
          0.0,
          -0.1223890226,
          -0.5308680155
        ],
        [
          -0.0,
          1.0,
          0.0,
          0.0
        ],
        [
          0.0,
          0.0,
          0.0,
          1.0
        ]
      ]
    },
    {
      "file_path": "images/train_007.png",
      "transform_matrix": [
        [
          0.1467218423,
          0.0,
          0.9891777904,
          4.290604168
        ],
        [
          0.9891777904,
          0.0,
          -0.1467218423,
          -0.63641274
        ],
        [
          -0.0,
          1.0,
          0.0,
          0.0
        ],
        [
          0.0,
          0.0,
          0.0,
          1.0
        ]
      ]
    },
    {
      "file_path": "images/train_008.png",
      "transform_matrix": [
        [
          0.1709489915,
          0.0,
          0.9852798802,
          4.2736968032
        ],
        [
          0.9852798802,
          0.0,
          -0.1709489915,
          -0.7414991142
        ],
        [
          -0.0,
          1.0,
          0.0,
          0.0
        ],
        [
          0.0,
          0.0,
          0.0,
          1.0
        ]
      ]
    },
    {
      "file_path": "images/train_009.png",
      "transform_matrix": [
        [
          0.1950732041,
          0.0,
          0.9807886852,
          4.2542160384
        ],
        [
          0.9807886852,
          0.0,
          -0.1950732041,
          -0.846138996
        ],
        [
          -0.0,
          1.0,
          0.0,
          0.0
        ],
        [
          0.0,
          0.0,
          0.0,
          1.0
        ]
      ]
    },
    {
      "file_path": "images/train_010.png",
      "transform_matrix": [
        [
          0.2190799536,
          0.0,
          0.9757069099,
          4.232173604
        ],
        [
          0.9757069099,
          0.0,
          -0.2190799536,
          -0.9502693764
        ],
        [
          -0.0,
          1.0,
          0.0,
          0.0
        ],
        [
          0.0,
          0.0,
          0.0,
          1.0
        ]
      ]
    },
    {
      "file_path": "images/train_011.png",
      "transform_matrix": [
        [
          0.2429717148,
          0.0,
          0.9700333736,
          4.2075643794
        ],
        [
          0.9700333736,
          0.0,
          -0.2429717148,
          -1.0539009895
        ],
        [
          -0.0,
          1.0,
          0.0,
          0.0
        ],
        [
          0.0,
          0.0,
          0.0,
          1.0
        ]
      ]
    },
    {
      "file_path": "images/train_012.png",
      "transform_matrix": [
        [
          0.2667001417,
          0.0,
          0.963779557,
          4.1804381622
        ],
        [
          0.963779557,
          0.0,
          -0.2667001417,
          -1.1568241326
        ],
        [
          -0.0,
          1.0,
          0.0,
          0.0
        ],
        [
          0.0,
          0.0,
          0.0,
          1.0
        ]
      ]
    },
    {
      "file_path": "images/train_013.png",
      "transform_matrix": [
        [
          0.2902679755,
          0.0,
          0.956945402,
          4.1507947007
        ],
        [
          0.956945402,
          0.0,
          -0.2902679755,
          -1.2590506958
        ],
        [
          -0.0,
          1.0,
          0.0,
          0.0
        ],
        [
          0.0,
          0.0,
          0.0,
          1.0
        ]
      ]
    },
    {
      "file_path": "images/train_014.png",
      "transform_matrix": [
        [
          0.3136610248,
          0.0,
          0.9495350238,
          4.1186518445
        ],
        [
          0.9495350238,
          0.0,
          -0.3136610248,
          -1.3605191236
        ],
        [
          -0.0,
          1.0,
          0.0,
          0.0
        ],
        [
          0.0,
          0.0,
          0.0,
          1.0
        ]
      ]
    },
    {
      "file_path": "images/train_015.png",
      "transform_matrix": [
        [
          0.3368816369,
          0.0,
          0.9415470051,
          4.0840034456
        ],
        [
          0.9415470051,
          0.0,
          -0.3368816369,
          -1.4612395964
        ],
        [
          -0.0,
          1.0,
          0.0,
          0.0
        ],
        [
          0.0,
          0.0,
          0.0,
          1.0
        ]
      ]
    },
    {
      "file_path": "images/train_016.png",
      "transform_matrix": [
        [
          0.3598828237,
          0.0,
          0.9329975098,
          4.0469196165
        ],
        [
          0.9329975098,
          0.0,
          -0.3598828237,
          -1.5610083022
        ],
        [
          -0.0,
          1.0,
          0.0,
          0.0
        ],
        [
          0.0,
          0.0,
          0.0,
          1.0
        ]
      ]
    },
    {
      "file_path": "images/train_017.png",
      "transform_matrix": [
        [
          0.3826673076,
          0.0,
          0.9238862115,
          4.007398941
        ],
        [
          0.9238862115,
          0.0,
          -0.3826673076,
          -1.6598370493
        ],
        [
          -0.0,
          1.0,
          0.0,
          0.0
        ],
        [
          0.0,
          0.0,
          0.0,
          1.0
        ]
      ]
    },
    {
      "file_path": "images/train_018.png",
      "transform_matrix": [
        [
          0.405237325,
          0.0,
          0.9142115239,
          3.9654345386
        ],
        [
          0.9142115239,
          0.0,
          -0.405237325,
          -1.7577355381
        ],
        [
          -0.0,
          1.0,
          0.0,
          0.0
        ],
        [
          0.0,
          0.0,
          0.0,
          1.0
        ]
      ]
    },
    {
      "file_path": "images/train_019.png",
      "transform_matrix": [
        [
          0.4275472046,
          0.0,
          0.9039930242,
          3.9211113262
        ],
        [
          0.9039930242,
          0.0,
          -0.4275472046,
          -1.8545056672
        ],
        [
          -0.0,
          1.0,
          0.0,
          0.0
        ],
        [
          0.0,
          0.0,
          0.0,
          1.0
        ]
      ]
    },
    {
      "file_path": "images/train_020.png",
      "transform_matrix": [
        [
          0.4495996373,
          0.0,
          0.8932301865,
          3.8744270226
        ],
        [
          0.8932301865,
          0.0,
          -0.4495996373,
          -1.9501591085
        ],
        [
          -0.0,
          1.0,
          0.0,
          0.0
        ],
        [
          0.0,
          0.0,
          0.0,
          1.0
        ]
      ]
    },
    {
      "file_path": "images/train_021.png",
      "transform_matrix": [
        [
          0.4713813443,
          0.0,
          0.8819294916,
          3.8254097387
        ],
        [
          0.8819294916,
          0.0,
          -0.4713813443,
          -2.0446382645
        ],
        [
          -0.0,
          1.0,
          0.0,
          0.0
        ],
        [
          0.0,
          0.0,
          0.0,
          1.0
        ]
      ]
    },
    {
      "file_path": "images/train_022.png",
      "transform_matrix": [
        [
          0.4928943958,
          0.0,
          0.8700891418,
          3.7740516765
        ],
        [
          0.8700891418,
          0.0,
          -0.4928943958,
          -2.1379521147
        ],
        [
          -0.0,
          1.0,
          0.0,
          0.0
        ],
        [
          0.0,
          0.0,
          0.0,
          1.0
        ]
      ]
    },
    {
      "file_path": "images/train_023.png",
      "transform_matrix": [
        [
          0.5140952591,
          0.0,
          0.8577330964,
          3.7204567612
        ],
        [
          0.8577330964,
          0.0,
          -0.5140952591,
          -2.2299118346
        ],
        [
          -0.0,
          1.0,
          0.0,
          0.0
        ],
        [
          0.0,
          0.0,
          0.0,
          1.0
        ]
      ]
    },
    {
      "file_path": "images/train_024.png",
      "transform_matrix": [
        [
          0.5349865607,
          0.0,
          0.8448605683,
          3.6646215785
        ],
        [
          0.8448605683,
          0.0,
          -0.5349865607,
          -2.3205288166
        ],
        [
          -0.0,
          1.0,
          0.0,
          0.0
        ],
        [
          0.0,
          0.0,
          0.0,
          1.0
        ]
      ]
    },
    {
      "file_path": "images/train_025.png",
      "transform_matrix": [
        [
          0.5555557211,
          0.0,
          0.8314793087,
          3.6065797496
        ],
        [
          0.8314793087,
          0.0,
          -0.5555557211,
          -2.4097484956
        ],
        [
          -0.0,
          1.0,
          0.0,
          0.0
        ],
        [
          0.0,
          0.0,
          0.0,
          1.0
        ]
      ]
    },
    {
      "file_path": "images/train_026.png",
      "transform_matrix": [
        [
          0.5757903543,
          0.0,
          0.8175973751,
          3.5463662242
        ],
        [
          0.8175973751,
          0.0,
          -0.5757903543,
          -2.4975171483
        ],
        [
          -0.0,
          1.0,
          0.0,
          0.0
        ],
        [
          0.0,
          0.0,
          0.0,
          1.0
        ]
      ]
    },
    {
      "file_path": "images/train_027.png",
      "transform_matrix": [
        [
          0.5956922952,
          0.0,
          0.8032127299,
          3.4839721638
        ],
        [
          0.8032127299,
          0.0,
          -0.5956922952,
          -2.5838427321
        ],
        [
          -0.0,
          1.0,
          0.0,
          0.0
        ],
        [
          0.0,
          0.0,
          0.0,
          1.0
        ]
      ]
    },
    {
      "file_path": "images/train_028.png",
      "transform_matrix": [
        [
          0.6152212711,
          0.0,
          0.7883544809,
          3.4195238253
        ],
        [
          0.7883544809,
          0.0,
          -0.6152212711,
          -2.6685505636
        ],
        [
          -0.0,
          1.0,
          0.0,
          0.0
        ],
        [
          0.0,
          0.0,
          0.0,
          1.0
        ]
      ]
    },
    {
      "file_path": "images/train_029.png",
      "transform_matrix": [
        [
          0.6343797925,
          0.0,
          0.7730215255,
          3.3530164258
        ],
        [
          0.7730215255,
          0.0,
          -0.6343797925,
          -2.7516515314
        ],
        [
          -0.0,
          1.0,
          0.0,
          0.0
        ],
        [
          0.0,
          0.0,
          0.0,
          1.0
        ]
      ]
    },
    {
      "file_path": "images/train_030.png",
      "transform_matrix": [
        [
          0.653169539,
          0.0,
          0.7572116965,
          3.2844405653
        ],
        [
          0.7572116965,
          0.0,
          -0.653169539,
          -2.8331529212
        ],
        [
          -0.0,
          1.0,
          0.0,
          0.0
        ],
        [
          0.0,
          0.0,
          0.0,
          1.0
        ]
      ]
    },
    {
      "file_path": "images/train_031.png",
      "transform_matrix": [
        [
          0.6715524888,
          0.0,
          0.7409569858,
          3.2139350099
        ],
        [
          0.7409569858,
          0.0,
          -0.6715524888,
          -2.9128898116
        ],
        [
          -0.0,
          1.0,
          0.0,
          0.0
        ],
        [
          0.0,
          0.0,
          0.0,
          1.0
        ]
      ]
    },
    {
      "file_path": "images/train_032.png",
      "transform_matrix": [
        [
          0.6895310643,
          0.0,
          0.724256109,
          3.1414941884
        ],
        [
          0.724256109,
          0.0,
          -0.6895310643,
          -2.9908727099
        ],
        [
          -0.0,
          1.0,
          0.0,
          0.0
        ],
        [
          0.0,
          0.0,
          0.0,
          1.0
        ]
      ]
    },
    {
      "file_path": "images/train_033.png",
      "transform_matrix": [
        [
          0.7070944397,
          0.0,
          0.7071191224,
          3.067161721
        ],
        [
          0.7071191224,
          0.0,
          -0.7070944397,
          -3.0670546587
        ],
        [
          -0.0,
          1.0,
          0.0,
          0.0
        ],
        [
          0.0,
          0.0,
          0.0,
          1.0
        ]
      ]
    },
    {
      "file_path": "images/train_034.png",
      "transform_matrix": [
        [
          0.7242440743,
          0.0,
          0.6895437049,
          2.9909275388
        ],
        [
          0.6895437049,
          0.0,
          -0.7242440743,
          -3.1414419873
        ],
        [
          -0.0,
          1.0,
          0.0,
          0.0
        ],
        [
          0.0,
          0.0,
          0.0,
          1.0
        ]
      ]
    },
    {
      "file_path": "images/train_035.png",
      "transform_matrix": [
        [
          0.7409452649,
          0.0,
          0.6715654208,
          2.9129459049
        ],
        [
          0.6715654208,
          0.0,
          -0.7409452649,
          -3.2138841699
        ],
        [
          -0.0,
          1.0,
          0.0,
          0.0
        ],
        [
          0.0,
          0.0,
          0.0,
          1.0
        ]
      ]
    },
    {
      "file_path": "images/train_036.png",
      "transform_matrix": [
        [
          0.7572002964,
          0.0,
          0.6531827547,
          2.8332102451
        ],
        [
          0.6531827547,
          0.0,
          -0.7572002964,
          -3.284391117
        ],
        [
          -0.0,
          1.0,
          0.0,
          0.0
        ],
        [
          0.0,
          0.0,
          0.0,
          1.0
        ]
      ]
    },
    {
      "file_path": "images/train_037.png",
      "transform_matrix": [
        [
          0.772999381,
          0.0,
          0.6344067756,
          2.7517685721
        ],
        [
          0.6344067756,
          0.0,
          -0.772999381,
          -3.352920373
        ],
        [
          -0.0,
          1.0,
          0.0,
          0.0
        ],
        [
          0.0,
          0.0,
          0.0,
          1.0
        ]
      ]
    },
    {
      "file_path": "images/train_038.png",
      "transform_matrix": [
        [
          0.7883437432,
          0.0,
          0.6152350304,
          2.6686102451
        ],
        [
          0.6152350304,
          0.0,
          -0.7883437432,
          -3.4194772498
        ],
        [
          -0.0,
          1.0,
          0.0,
          0.0
        ],
        [
          0.0,
          0.0,
          0.0,
          1.0
        ]
      ]
    },
    {
      "file_path": "images/train_039.png",
      "transform_matrix": [
        [
          0.803202333,
          0.0,
          0.5957063138,
          2.5839035385
        ],
        [
          0.5957063138,
          0.0,
          -0.803202333,
          -3.4839270667
        ],
        [
          -0.0,
          1.0,
          0.0,
          0.0
        ],
        [
          0.0,
          0.0,
          0.0,
          1.0
        ]
      ]
    },
    {
      "file_path": "images/train_040.png",
      "transform_matrix": [
        [
          0.8175772758,
          0.0,
          0.5758188935,
          2.4976409383
        ],
        [
          0.5758188935,
          0.0,
          -0.8175772758,
          -3.5462790422
        ],
        [
          -0.0,
          1.0,
          0.0,
          0.0
        ],
        [
          0.0,
          0.0,
          0.0,
          1.0
        ]
      ]
    },
    {
      "file_path": "images/train_041.png",
      "transform_matrix": [
        [
          0.8314599156,
          0.0,
          0.5555847448,
          2.4098743875
        ],
        [
          0.5555847448,
          0.0,
          -0.8314599156,
          -3.6064956313
        ],
        [
          -0.0,
          1.0,
          0.0,
          0.0
        ],
        [
          0.0,
          0.0,
          0.0,
          1.0
        ]
      ]
    },
    {
      "file_path": "images/train_042.png",
      "transform_matrix": [
        [
          0.8448512309,
          0.0,
          0.5350013063,
          2.3205927759
        ],
        [
          0.5350013063,
          0.0,
          -0.8448512309,
          -3.6645810771
        ],
        [
          -0.0,
          1.0,
          0.0,
          0.0
        ],
        [
          0.0,
          0.0,
          0.0,
          1.0
        ]
      ]
    },
    {
      "file_path": "images/train_043.png",
      "transform_matrix": [
        [
          0.8577241236,
          0.0,
          0.5141102293,
          2.2299767685
        ],
        [
          0.5141102293,
          0.0,
          -0.8577241236,
          -3.7204178413
        ],
        [
          -0.0,
          1.0,
          0.0,
          0.0
        ],
        [
          0.0,
          0.0,
          0.0,
          1.0
        ]
      ]
    },
    {
      "file_path": "images/train_044.png",
      "transform_matrix": [
        [
          0.870080539,
          0.0,
          0.4929095816,
          2.138017984
        ],
        [
          0.4929095816,
          0.0,
          -0.870080539,
          -3.7740143617
        ],
        [
          -0.0,
          1.0,
          0.0,
          0.0
        ],
        [
          0.0,
          0.0,
          0.0,
          1.0
        ]
      ]
    },
    {
      "file_path": "images/train_045.png",
      "transform_matrix": [
        [
          0.8819130368,
          0.0,
          0.4714121292,
          2.0447717953
        ],
        [
          0.4714121292,
          0.0,
          -0.8819130368,
          -3.8253383651
        ],
        [
          -0.0,
          1.0,
          0.0,
          0.0
        ],
        [
          0.0,
          0.0,
          0.0,
          1.0
        ]
      ]
    },
    {
      "file_path": "images/train_046.png",
      "transform_matrix": [
        [
          0.893214492,
          0.0,
          0.4496308167,
          1.9502943504
        ],
        [
          0.4496308167,
          0.0,
          -0.893214492,
          -3.8743589469
        ],
        [
          -0.0,
          1.0,
          0.0,
          0.0
        ],
        [
          0.0,
          0.0,
          0.0,
          1.0
        ]
      ]
    },
    {
      "file_path": "images/train_047.png",
      "transform_matrix": [
        [
          0.903985562,
          0.0,
          0.4275629822,
          1.8545741032
        ],
        [
          0.4275629822,
          0.0,
          -0.903985562,
          -3.9210789584
        ],
        [
          -0.0,
          1.0,
          0.0,
          0.0
        ],
        [
          0.0,
          0.0,
          0.0,
          1.0
        ]
      ]
    },
    {
      "file_path": "images/train_048.png",
      "transform_matrix": [
        [
          0.914204451,
          0.0,
          0.4052532809,
          1.7578047478
        ],
        [
          0.4052532809,
          0.0,
          -0.914204451,
          -3.9654038597
        ],
        [
          -0.0,
          1.0,
          0.0,
          0.0
        ],
        [
          0.0,
          0.0,
          0.0,
          1.0
        ]
      ]
    },
    {
      "file_path": "images/train_049.png",
      "transform_matrix": [
        [
          0.9238728533,
          0.0,
          0.382699557,
          1.6599769329
        ],
        [
          0.382699557,
          0.0,
          -0.9238728533,
          -4.0073409993
        ],
        [
          -0.0,
          1.0,
          0.0,
          0.0
        ],
        [
          0.0,
          0.0,
          0.0,
          1.0
        ]
      ]
    },
    {
      "file_path": "images/train_050.png",
      "transform_matrix": [
        [
          0.9329912285,
          0.0,
          0.3598991075,
          1.5610789341
        ],
        [
          0.3598991075,
          0.0,
          -0.9329912285,
          -4.0468923712
        ],
        [
          -0.0,
          1.0,
          0.0,
          0.0
        ],
        [
          0.0,
          0.0,
          0.0,
          1.0
        ]
      ]
    },
    {
      "file_path": "images/train_051.png",
      "transform_matrix": [
        [
          0.9415411252,
          0.0,
          0.3368980699,
          1.4613108755
        ],
        [
          0.3368980699,
          0.0,
          -0.9415411252,
          -4.0839779416
        ],
        [
          -0.0,
          1.0,
          0.0,
          0.0
        ],
        [
          0.0,
          0.0,
          0.0,
          1.0
        ]
      ]
    },
    {
      "file_path": "images/train_052.png",
      "transform_matrix": [
        [
          0.9495240744,
          0.0,
          0.3136941697,
          1.3606628909
        ],
        [
          0.3136941697,
          0.0,
          -0.9495240744,
          -4.1186043509
        ],
        [
          -0.0,
          1.0,
          0.0,
          0.0
        ],
        [
          0.0,
          0.0,
          0.0,
          1.0
        ]
      ]
    },
    {
      "file_path": "images/train_053.png",
      "transform_matrix": [
        [
          0.9569352692,
          0.0,
          0.290301379,
          1.2591955851
        ],
        [
          0.290301379,
          0.0,
          -0.9569352692,
          -4.150750749
        ],
        [
          -0.0,
          1.0,
          0.0,
          0.0
        ],
        [
          0.0,
          0.0,
          0.0,
          1.0
        ]
      ]
    },
    {
      "file_path": "images/train_054.png",
      "transform_matrix": [
        [
          0.963774902,
          0.0,
          0.2667169627,
          1.1568970949
        ],
        [
          0.2667169627,
          0.0,
          -0.963774902,
          -4.1804179712
        ],
        [
          -0.0,
          1.0,
          0.0,
          0.0
        ],
        [
          0.0,
          0.0,
          0.0,
          1.0
        ]
      ]
    },
    {
      "file_path": "images/train_055.png",
      "transform_matrix": [
        [
          0.9700291328,
          0.0,
          0.242988645,
          1.0539744252
        ],
        [
          0.242988645,
          0.0,
          -0.9700291328,
          -4.2075459847
        ],
        [
          -0.0,
          1.0,
          0.0,
          0.0
        ],
        [
          0.0,
          0.0,
          0.0,
          1.0
        ]
      ]
    },
    {
      "file_path": "images/train_056.png",
      "transform_matrix": [
        [
          0.9756992619,
          0.0,
          0.219114012,
          0.9504171065
        ],
        [
          0.219114012,
          0.0,
          -0.9756992619,
          -4.2321404308
        ],
        [
          -0.0,
          1.0,
          0.0,
          0.0
        ],
        [
          0.0,
          0.0,
          0.0,
          1.0
        ]
      ]
    },
    {
      "file_path": "images/train_057.png",
      "transform_matrix": [
        [
          0.9807818753,
          0.0,
          0.1951074399,
          0.8462874956
        ],
        [
          0.1951074399,
          0.0,
          -0.9807818753,
          -4.2541865
        ],
        [
          -0.0,
          1.0,
          0.0,
          0.0
        ],
        [
          0.0,
          0.0,
          0.0,
          1.0
        ]
      ]
    },
    {
      "file_path": "images/train_058.png",
      "transform_matrix": [
        [
          0.9852768964,
          0.0,
          0.1709661878,
          0.7415737042
        ],
        [
          0.1709661878,
          0.0,
          -0.9852768964,
          -4.2736838609
        ],
        [
          -0.0,
          1.0,
          0.0,
          0.0
        ],
        [
          0.0,
          0.0,
          0.0,
          1.0
        ]
      ]
    },
    {
      "file_path": "images/train_059.png",
      "transform_matrix": [
        [
          0.9891752295,
          0.0,
          0.1467391066,
          0.6364876251
        ],
        [
          0.1467391066,
          0.0,
          -0.9891752295,
          -4.2905930599
        ],
        [
          -0.0,
          1.0,
          0.0,
          0.0
        ],
        [
          0.0,
          0.0,
          0.0,
          1.0
        ]
      ]
    },
    {
      "file_path": "images/train_060.png",
      "transform_matrix": [
        [
          0.9924779322,
          0.0,
          0.1224236667,
          0.5310182859
        ],
        [
          0.1224236667,
          0.0,
          -0.9924779322,
          -4.3049186847
        ],
        [
          -0.0,
          1.0,
          0.0,
          0.0
        ],
        [
          0.0,
          0.0,
          0.0,
          1.0
        ]
      ]
    },
    {
      "file_path": "images/train_061.png",
      "transform_matrix": [
        [
          0.9951830158,
          0.0,
          0.0980345096,
          0.4252291948
        ],
        [
          0.0980345096,
          0.0,
          -0.9951830158,
          -4.3166521094
        ],
        [
          -0.0,
          1.0,
          0.0,
          0.0
        ],
        [
          0.0,
          0.0,
          0.0,
          1.0
        ]
      ]
    },
    {
      "file_path": "images/train_062.png",
      "transform_matrix": [
        [
          0.9972901357,
          0.0,
          0.0735689151,
          0.3191085534
        ],
        [
          0.0735689151,
          0.0,
          -0.9972901357,
          -4.3257918389
        ],
        [
          -0.0,
          1.0,
          0.0,
          0.0
        ],
        [
          0.0,
          0.0,
          0.0,
          1.0
        ]
      ]
    },
    {
      "file_path": "images/train_063.png",
      "transform_matrix": [
        [
          0.998795028,
          0.0,
          0.0490763905,
          0.2128711011
        ],
        [
          0.0490763905,
          0.0,
          -0.998795028,
          -4.3323193784
        ],
        [
          -0.0,
          1.0,
          0.0,
          0.0
        ],
        [
          0.0,
          0.0,
          0.0,
          1.0
        ]
      ]
    },
    {
      "file_path": "images/train_064.png",
      "transform_matrix": [
        [
          0.9996984974,
          0.0,
          0.0245543145,
          0.1065054688
        ],
        [
          0.0245543145,
          0.0,
          -0.9996984974,
          -4.3362382185
        ],
        [
          -0.0,
          1.0,
          0.0,
          0.0
        ],
        [
          0.0,
          0.0,
          0.0,
          1.0
        ]
      ]
    },
    {
      "file_path": "images/train_065.png",
      "transform_matrix": [
        [
          0.9999999998,
          0.0,
          1.74533e-05,
          7.57045e-05
        ],
        [
          1.74533e-05,
          0.0,
          -0.9999999998,
          -4.3375459993
        ],
        [
          -0.0,
          1.0,
          0.0,
          0.0
        ],
        [
          0.0,
          0.0,
          0.0,
          1.0
        ]
      ]
    },
    {
      "file_path": "images/train_066.png",
      "transform_matrix": [
        [
          0.9996993539,
          0.0,
          -0.0245194185,
          -0.1063541055
        ],
        [
          -0.0245194185,
          0.0,
          -0.9996993539,
          -4.3362419336
        ],
        [
          0.0,
          1.0,
          0.0,
          0.0
        ],
        [
          0.0,
          0.0,
          0.0,
          1.0
        ]
      ]
    },
    {
      "file_path": "images/train_067.png",
      "transform_matrix": [
        [
          0.9987958844,
          0.0,
          -0.0490589582,
          -0.2127954879
        ],
        [
          -0.0490589582,
          0.0,
          -0.9987958844,
          -4.332323093
        ],
        [
          0.0,
          1.0,
          0.0,
          0.0
        ],
        [
          0.0,
          0.0,
          0.0,
          1.0
        ]
      ]
    },
    {
      "file_path": "images/train_068.png",
      "transform_matrix": [
        [
          0.9972914196,
          0.0,
          -0.0735515091,
          -0.3190330541
        ],
        [
          -0.0735515091,
          0.0,
          -0.9972914196,
          -4.3257974077
        ],
        [
          0.0,
          1.0,
          0.0,
          0.0
        ],
        [
          0.0,
          0.0,
          0.0,
          1.0
        ]
      ]
    },
    {
      "file_path": "images/train_069.png",
      "transform_matrix": [
        [
          0.9951864372,
          0.0,
          -0.0979997711,
          -0.425078515
        ],
        [
          -0.0979997711,
          0.0,
          -0.9951864372,
          -4.3166669501
        ],
        [
          0.0,
          1.0,
          0.0,
          0.0
        ],
        [
          0.0,
          0.0,
          0.0,
          1.0
        ]
      ]
    },
    {
      "file_path": "images/train_070.png",
      "transform_matrix": [
        [
          0.9924800687,
          0.0,
          -0.1224063447,
          -0.5309431508
        ],
        [
          -0.1224063447,
          0.0,
          -0.9924800687,
          -4.3049279521
        ],
        [
          0.0,
          1.0,
          0.0,
          0.0
        ],
        [
          0.0,
          0.0,
          0.0,
          1.0
        ]
      ]
    },
    {
      "file_path": "images/train_071.png",
      "transform_matrix": [
        [
          0.9891777904,
          0.0,
          -0.1467218423,
          -0.63641274
        ],
        [
          -0.1467218423,
          0.0,
          -0.9891777904,
          -4.290604168
        ],
        [
          0.0,
          1.0,
          0.0,
          0.0
        ],
        [
          0.0,
          0.0,
          0.0,
          1.0
        ]
      ]
    },
    {
      "file_path": "images/train_072.png",
      "transform_matrix": [
        [
          0.9852798802,
          0.0,
          -0.1709489915,
          -0.7414991142
        ],
        [
          -0.1709489915,
          0.0,
          -0.9852798802,
          -4.2736968032
        ],
        [
          0.0,
          1.0,
          0.0,
          0.0
        ],
        [
          0.0,
          0.0,
          0.0,
          1.0
        ]
      ]
    },
    {
      "file_path": "images/train_073.png",
      "transform_matrix": [
        [
          0.9807886852,
          0.0,
          -0.1950732041,
          -0.846138996
        ],
        [
          -0.1950732041,
          0.0,
          -0.9807886852,
          -4.2542160384
        ],
        [
          0.0,
          1.0,
          0.0,
          0.0
        ],
        [
          0.0,
          0.0,
          0.0,
          1.0
        ]
      ]
    },
    {
      "file_path": "images/train_074.png",
      "transform_matrix": [
        [
          0.975703086,
          0.0,
          -0.2190969829,
          -0.9503432416
        ],
        [
          -0.2190969829,
          0.0,
          -0.975703086,
          -4.232157018
        ],
        [
          0.0,
          1.0,
          0.0,
          0.0
        ],
        [
          0.0,
          0.0,
          0.0,
          1.0
        ]
      ]
    },
    {
      "file_path": "images/train_075.png",
      "transform_matrix": [
        [
          0.9700333736,
          0.0,
          -0.2429717148,
          -1.0539009895
        ],
        [
          -0.2429717148,
          0.0,
          -0.9700333736,
          -4.2075643794
        ],
        [
          0.0,
          1.0,
          0.0,
          0.0
        ],
        [
          0.0,
          0.0,
          0.0,
          1.0
        ]
      ]
    },
    {
      "file_path": "images/train_076.png",
      "transform_matrix": [
        [
          0.963779557,
          0.0,
          -0.2667001417,
          -1.1568241326
        ],
        [
          -0.2667001417,
          0.0,
          -0.963779557,
          -4.1804381622
        ],
        [
          0.0,
          1.0,
          0.0,
          0.0
        ],
        [
          0.0,
          0.0,
          0.0,
          1.0
        ]
      ]
    },
    {
      "file_path": "images/train_077.png",
      "transform_matrix": [
        [
          0.956945402,
          0.0,
          -0.2902679755,
          -1.2590506958
        ],
        [
          -0.2902679755,
          0.0,
          -0.956945402,
          -4.1507947007
        ],
        [
          0.0,
          1.0,
          0.0,
          0.0
        ],
        [
          0.0,
          0.0,
          0.0,
          1.0
        ]
      ]
    },
    {
      "file_path": "images/train_078.png",
      "transform_matrix": [
        [
          0.9495295493,
          0.0,
          -0.3136775973,
          -1.3605910074
        ],
        [
          -0.3136775973,
          0.0,
          -0.9495295493,
          -4.1186280984
        ],
        [
          0.0,
          1.0,
          0.0,
          0.0
        ],
        [
          0.0,
          0.0,
          0.0,
          1.0
        ]
      ]
    },
    {
      "file_path": "images/train_079.png",
      "transform_matrix": [
        [
          0.9415470051,
          0.0,
          -0.3368816369,
          -1.4612395964
        ],
        [
          -0.3368816369,
          0.0,
          -0.9415470051,
          -4.0840034456
        ],
        [
          0.0,
          1.0,
          0.0,
          0.0
        ],
        [
          0.0,
          0.0,
          0.0,
          1.0
        ]
      ]
    },
    {
      "file_path": "images/train_080.png",
      "transform_matrix": [
        [
          0.9329975098,
          0.0,
          -0.3598828237,
          -1.5610083022
        ],
        [
          -0.3598828237,
          0.0,
          -0.9329975098,
          -4.0469196165
        ],
        [
          0.0,
          1.0,
          0.0,
          0.0
        ],
        [
          0.0,
          0.0,
          0.0,
          1.0
        ]
      ]
    },
    {
      "file_path": "images/train_081.png",
      "transform_matrix": [
        [
          0.9238862115,
          0.0,
          -0.3826673076,
          -1.6598370493
        ],
        [
          -0.3826673076,
          0.0,
          -0.9238862115,
          -4.007398941
        ],
        [
          0.0,
          1.0,
          0.0,
          0.0
        ],
        [
          0.0,
          0.0,
          0.0,
          1.0
        ]
      ]
    },
    {
      "file_path": "images/train_082.png",
      "transform_matrix": [
        [
          0.9142115239,
          0.0,
          -0.405237325,
          -1.7577355381
        ],
        [
          -0.405237325,
          0.0,
          -0.9142115239,
          -3.9654345386
        ],
        [
          0.0,
          1.0,
          0.0,
          0.0
        ],
        [
          0.0,
          0.0,
          0.0,
          1.0
        ]
      ]
    },
    {
      "file_path": "images/train_083.png",
      "transform_matrix": [
        [
          0.9039930242,
          0.0,
          -0.4275472046,
          -1.8545056672
        ],
        [
          -0.4275472046,
          0.0,
          -0.9039930242,
          -3.9211113262
        ],
        [
          0.0,
          1.0,
          0.0,
          0.0
        ],
        [
          0.0,
          0.0,
          0.0,
          1.0
        ]
      ]
    },
    {
      "file_path": "images/train_084.png",
      "transform_matrix": [
        [
          0.8932301865,
          0.0,
          -0.4495996373,
          -1.9501591085
        ],
        [
          -0.4495996373,
          0.0,
          -0.8932301865,
          -3.8744270226
        ],
        [
          0.0,
          1.0,
          0.0,
          0.0
        ],
        [
          0.0,
          0.0,
          0.0,
          1.0
        ]
      ]
    },
    {
      "file_path": "images/train_085.png",
      "transform_matrix": [
        [
          0.8819294916,
          0.0,
          -0.4713813443,
          -2.0446382645
        ],
        [
          -0.4713813443,
          0.0,
          -0.8819294916,
          -3.8254097387
        ],
        [
          0.0,
          1.0,
          0.0,
          0.0
        ],
        [
          0.0,
          0.0,
          0.0,
          1.0
        ]
      ]
    },
    {
      "file_path": "images/train_086.png",
      "transform_matrix": [
        [
          0.8700891418,
