{
  "camera_angle_x": 0.6911112070083618,
  "frames": [
    {
      "file_path": "im_0.png",
      "transform_matrix": [
        [
          0.6361821889877319,
          -0.64409339427948,
          0.42475396394729614,
          3.006314277648926
        ],
        [
          0.7715388536453247,
          0.5310953855514526,
          -0.35023629665374756,
          -2.4788947105407715
        ],
        [
          0.0,
          0.5505282282829285,
          0.8348165154457092,
          5.908648490905762
        ],
        [
          0.0,
          0.0,
          0.0,
          1.0
        ]
      ]
    },
    {
      "file_path": "im_1.png",
      "transform_matrix": [
        [
          -0.006320899352431297,
          0.7950016856193542,
          -0.6065742373466492,
          -4.293198108673096
        ],
        [
          -0.9999800324440002,
          -0.005025226157158613,
          0.0038341714534908533,
          0.02713741548359394
        ],
        [
          0.0,
          0.6065863370895386,
          0.7950176000595093,
          5.626960277557373
        ],
        [
          0.0,
          0.0,
          0.0,
          1.0
        ]
      ]
    },
    {
      "file_path": "im_2.png",
      "transform_matrix": [
        [
          0.5329561233520508,
          0.40610378980636597,
          -0.7423189878463745,
          -5.253969669342041
        ],
        [
          -0.8461428880691528,
          0.25579074025154114,
          -0.4675610363483429,
          -3.309293746948242
        ],
        [
          0.0,
          0.8772974014282227,
          0.4799470901489258,
          3.396960973739624
        ],
        [
          0.0,
          0.0,
          0.0,
          1.0
        ]
      ]
    },
    {
      "file_path": "im_3.png",
      "transform_matrix": [
        [
          -0.15727701783180237,
          0.3331376016139984,
          -0.9296683669090271,
          -6.579987525939941
        ],
        [
          -0.9875545501708984,
          -0.053055185824632645,
          0.14805813133716583,
          1.0479227304458618
        ],
        [
          0.0,
          0.9413843750953674,
          0.33733588457107544,
          2.387590169906616
        ],
        [
          0.0,
          0.0,
          0.0,
          1.0
        ]
      ]
    },
    {
      "file_path": "im_4.png",
      "transform_matrix": [
        [
          0.9993582367897034,
          -0.03174852579832077,
          0.016587641090154648,
          0.11740363389253616
        ],
        [
          0.035820648074150085,
          0.885750412940979,
          -0.46277764439582825,
          -3.275437116622925
        ],
        [
          0.0,
          0.46307483315467834,
          0.8863192200660706,
          6.273172855377197
        ],
        [
          0.0,
          0.0,
          0.0,
          1.0
        ]
      ]
    },
    {
      "file_path": "im_5.png",
      "transform_matrix": [
        [
          -0.37016138434410095,
          -0.6589333415031433,
          0.6548186540603638,
          4.6346611976623535
        ],
        [
          0.9289674758911133,
          -0.2625621259212494,
          0.26092255115509033,
          1.8467521667480469
        ],
        [
          0.0,
          0.704888641834259,
          0.7093179821968079,
          5.020397186279297
        ],
        [
          0.0,
          0.0,
          0.0,
          1.0
        ]
      ]
    },
    {
      "file_path": "im_6.png",
      "transform_matrix": [
        [
          0.8469405174255371,
          0.34344226121902466,
          -0.40588077902793884,
          -2.872734308242798
        ],
        [
          -0.5316876769065857,
          0.5470789670944214,
          -0.646539032459259,
          -4.5760602951049805
        ],
        [
          0.0,
          0.7633819580078125,
          0.6459473967552185,
          4.571874141693115
        ],
        [
          0.0,
          0.0,
          0.0,
          1.0
        ]
      ]
    },
    {
      "file_path": "im_7.png",
      "transform_matrix": [
        [
          -0.7881789803504944,
          0.2772246301174164,
          -0.5494728088378906,
          -3.889047145843506
        ],
        [
          -0.6154460906982422,
          -0.3550313115119934,
          0.7036895155906677,
          4.9805588722229
        ],
        [
          0.0,
          0.8928041458129883,
          0.4504450261592865,
          3.1881518363952637
        ],
        [
          0.0,
          0.0,
          0.0,
          1.0
        ]
      ]
    },
    {
      "file_path": "im_8.png",
      "transform_matrix": [
        [
          0.15090785920619965,
          -0.02088150568306446,
          0.9883272647857666,
          6.995162487030029
        ],
        [
          0.9885478615760803,
          0.003187688998878002,
          -0.15087419748306274,
          -1.0678542852401733
        ],
        [
          0.0,
          0.9997768998146057,
          0.021123412996530533,
          0.1495080143213272
        ],
        [
          0.0,
          0.0,
          0.0,
          1.0
        ]
      ]
    },
    {
      "file_path": "im_9.png",
      "transform_matrix": [
        [
          0.20611214637756348,
          0.3479025363922119,
          -0.9145936965942383,
          -6.473292350769043
        ],
        [
          -0.9785283803939819,
          0.07328038662672043,
          -0.19264528155326843,
          -1.363500714302063
        ],
        [
          0.0,
          0.934662401676178,
          0.35553646087646484,
          2.5164098739624023
        ],
        [
          0.0,
          0.0,
          0.0,
          1.0
        ]
      ]
    }
  ]
}