{
  "camera_angle_x": 0.4531720889496093,
  "w": 2000.0,
  "h": 2000.0,
  "cx": 1000.0,
  "cy": 1000.0,
  "fl_x": 4337.545999999999,
  "fl_y": 4337.545999999999,
  "frames": [
    {
      "file_path": "images/train_0001.png",
      "transform_matrix": [
        [
          0.0,
          0.0,
          1.0,
          4.337546
        ],
        [
          1.0,
          0.0,
          -0.0,
          0.0
        ],
        [
          -0.0,
          1.0,
          0.0,
          0.0
        ],
        [
          0.0,
          0.0,
          0.0,
          1.0
        ]
      ]
    },
    {
      "file_path": "images/train_0002.png",
      "transform_matrix": [
        [
          0.0490415259,
          0.0,
          0.9987967405,
          4.3323268064
        ],
        [
          0.9987967405,
          0.0,
          -0.0490415259,
          -0.2127198745
        ],
        [
          -0.0,
          1.0,
          0.0,
          0.0
        ],
        [
          0.0,
          0.0,
          0.0,
          1.0
        ]
      ]
    },
    {
      "file_path": "images/train_0003.png",
      "transform_matrix": [
        [
          0.0979997711,
          0.0,
          0.9951864372,
          4.3166669501
        ],
        [
          0.9951864372,
          0.0,
          -0.0979997711,
          -0.425078515
        ],
        [
          -0.0,
          1.0,
          0.0,
          0.0
        ],
        [
          0.0,
          0.0,
          0.0,
          1.0
        ]
      ]
    },
    {
      "file_path": "images/train_0004.png",
      "transform_matrix": [
        [
          0.1467045778,
          0.0,
          0.989180351,
          4.2906152748
        ],
        [
          0.989180351,
          0.0,
          -0.1467045778,
          -0.6363378547
        ],
        [
          -0.0,
          1.0,
          0.0,
          0.0
        ],
        [
          0.0,
          0.0,
          0.0,
          1.0
        ]
      ]
    },
    {
      "file_path": "images/train_0005.png",
      "transform_matrix": [
        [
          0.1950732041,
          0.0,
          0.9807886852,
          4.2542160384
        ],
        [
          0.9807886852,
          0.0,
          -0.1950732041,
          -0.846138996
        ],
        [
          -0.0,
          1.0,
          0.0,
          0.0
        ],
        [
          0.0,
          0.0,
          0.0,
          1.0
        ]
      ]
    },
    {
      "file_path": "images/train_0006.png",
      "transform_matrix": [
        [
          0.2429547845,
          0.0,
          0.9700376141,
          4.2075827728
        ],
        [
          0.9700376141,
          0.0,
          -0.2429547845,
          -1.0538275535
        ],
        [
          -0.0,
          1.0,
          0.0,
          0.0
        ],
        [
          0.0,
          0.0,
          0.0,
          1.0
        ]
      ]
    },
    {
      "file_path": "images/train_0007.png",
      "transform_matrix": [
        [
          0.2902679755,
          0.0,
          0.956945402,
          4.1507947007
        ],
        [
          0.956945402,
          0.0,
          -0.2902679755,
          -1.2590506958
        ],
        [
          -0.0,
          1.0,
          0.0,
          0.0
        ],
        [
          0.0,
          0.0,
          0.0,
          1.0
        ]
      ]
    },
    {
      "file_path": "images/train_0008.png",
      "transform_matrix": [
        [
          0.3368652037,
          0.0,
          0.9415528846,
          4.0840289485
        ],
        [
          0.9415528846,
          0.0,
          -0.3368652037,
          -1.4611683169
        ],
        [
          -0.0,
          1.0,
          0.0,
          0.0
        ],
        [
          0.0,
          0.0,
          0.0,
          1.0
        ]
      ]
    },
    {
      "file_path": "images/train_0009.png",
      "transform_matrix": [
        [
          0.3826673076,
          0.0,
          0.9238862115,
          4.007398941
        ],
        [
          0.9238862115,
          0.0,
          -0.3826673076,
          -1.6598370493
        ],
        [
          -0.0,
          1.0,
          0.0,
          0.0
        ],
        [
          0.0,
          0.0,
          0.0,
          1.0
        ]
      ]
    },
    {
      "file_path": "images/train_0010.png",
      "transform_matrix": [
        [
          0.4275314269,
          0.0,
          0.9040004862,
          3.9211436928
        ],
        [
          0.9040004862,
          0.0,
          -0.4275314269,
          -1.8544372306
        ],
        [
          -0.0,
          1.0,
          0.0,
          0.0
        ],
        [
          0.0,
          0.0,
          0.0,
          1.0
        ]
      ]
    },
    {
      "file_path": "images/train_0011.png",
      "transform_matrix": [
        [
          0.4713813443,
          0.0,
          0.8819294916,
          3.8254097387
        ],
        [
          0.8819294916,
          0.0,
          -0.4713813443,
          -2.0446382645
        ],
        [
          -0.0,
          1.0,
          0.0,
          0.0
        ],
        [
          0.0,
          0.0,
          0.0,
          1.0
        ]
      ]
    },
    {
      "file_path": "images/train_0012.png",
      "transform_matrix": [
        [
          0.5140802887,
          0.0,
          0.8577420689,
          3.7204956799
        ],
        [
          0.8577420689,
          0.0,
          -0.5140802887,
          -2.2298469001
        ],
        [
          -0.0,
          1.0,
          0.0,
          0.0
        ],
        [
          0.0,
          0.0,
          0.0,
          1.0
        ]
      ]
    },
    {
      "file_path": "images/train_0013.png",
      "transform_matrix": [
        [
          0.5555557211,
          0.0,
          0.8314793087,
          3.6065797496
        ],
        [
          0.8314793087,
          0.0,
          -0.5555557211,
          -2.4097484956
        ],
        [
          -0.0,
          1.0,
          0.0,
          0.0
        ],
        [
          0.0,
          0.0,
          0.0,
          1.0
        ]
      ]
    },
    {
      "file_path": "images/train_0014.png",
      "transform_matrix": [
        [
          0.5956782764,
          0.0,
          0.8032231266,
          3.4840172598
        ],
        [
          0.8032231266,
          0.0,
          -0.5956782764,
          -2.5837819249
        ],
        [
          -0.0,
          1.0,
          0.0,
          0.0
        ],
        [
          0.0,
          0.0,
          0.0,
          1.0
        ]
      ]
    },
    {
      "file_path": "images/train_0015.png",
      "transform_matrix": [
        [
          0.6343797925,
          0.0,
          0.7730215255,
          3.3530164258
        ],
        [
          0.7730215255,
          0.0,
          -0.6343797925,
          -2.7516515314
        ],
        [
          -0.0,
          1.0,
          0.0,
          0.0
        ],
        [
          0.0,
          0.0,
          0.0,
          1.0
        ]
      ]
    },
    {
      "file_path": "images/train_0016.png",
      "transform_matrix": [
        [
          0.6715395566,
          0.0,
          0.7409687065,
          3.2139858489
        ],
        [
          0.7409687065,
          0.0,
          -0.6715395566,
          -2.9128337174
        ],
        [
          -0.0,
          1.0,
          0.0,
          0.0
        ],
        [
          0.0,
          0.0,
          0.0,
          1.0
        ]
      ]
    },
    {
      "file_path": "images/train_0017.png",
      "transform_matrix": [
        [
          0.7070944397,
          0.0,
          0.7071191224,
          3.067161721
        ],
        [
          0.7071191224,
          0.0,
          -0.7070944397,
          -3.0670546587
        ],
        [
          -0.0,
          1.0,
          0.0,
          0.0
        ],
        [
          0.0,
          0.0,
          0.0,
          1.0
        ]
      ]
    },
    {
      "file_path": "images/train_0018.png",
      "transform_matrix": [
        [
          0.7409335437,
          0.0,
          0.6715783527,
          2.9130019973
        ],
        [
          0.6715783527,
          0.0,
          -0.7409335437,
          -3.2138333289
        ],
        [
          -0.0,
          1.0,
          0.0,
          0.0
        ],
        [
          0.0,
          0.0,
          0.0,
          1.0
        ]
      ]
    },
    {
      "file_path": "images/train_0019.png",
      "transform_matrix": [
        [
          0.772999381,
          0.0,
          0.6344067756,
          2.7517685721
        ],
        [
          0.6344067756,
          0.0,
          -0.772999381,
          -3.352920373
        ],
        [
          -0.0,
          1.0,
          0.0,
          0.0
        ],
        [
          0.0,
          0.0,
          0.0,
          1.0
        ]
      ]
    },
    {
      "file_path": "images/train_0020.png",
      "transform_matrix": [
        [
          0.8031919358,
          0.0,
          0.5957203322,
          2.5839643441
        ],
        [
          0.5957203322,
          0.0,
          -0.8031919358,
          -3.4838819685
        ],
        [
          -0.0,
          1.0,
          0.0,
          0.0
        ],
        [
          0.0,
          0.0,
          0.0,
          1.0
        ]
      ]
    },
    {
      "file_path": "images/train_0021.png",
      "transform_matrix": [
        [
          0.8314599156,
          0.0,
          0.5555847448,
          2.4098743875
        ],
        [
          0.5555847448,
          0.0,
          -0.8314599156,
          -3.6064956313
        ],
        [
          -0.0,
          1.0,
          0.0,
          0.0
        ],
        [
          0.0,
          0.0,
          0.0,
          1.0
        ]
      ]
    },
    {
      "file_path": "images/train_0022.png",
      "transform_matrix": [
        [
          0.8577151505,
          0.0,
          0.5141251993,
          2.2300417017
        ],
        [
          0.5141251993,
          0.0,
          -0.8577151505,
          -3.7203789203
        ],
        [
          -0.0,
          1.0,
          0.0,
          0.0
        ],
        [
          0.0,
          0.0,
          0.0,
          1.0
        ]
      ]
    },
    {
      "file_path": "images/train_0023.png",
      "transform_matrix": [
        [
          0.8819130368,
          0.0,
          0.4714121292,
          2.0447717953
        ],
        [
          0.4714121292,
          0.0,
          -0.8819130368,
          -3.8253383651
        ],
        [
          -0.0,
          1.0,
          0.0,
          0.0
        ],
        [
          0.0,
          0.0,
          0.0,
          1.0
        ]
      ]
    },
    {
      "file_path": "images/train_0024.png",
      "transform_matrix": [
        [
          0.9039780994,
          0.0,
          0.4275787597,
          1.8546425387
        ],
        [
          0.4275787597,
          0.0,
          -0.9039780994,
          -3.9210465893
        ],
        [
          -0.0,
          1.0,
          0.0,
          0.0
        ],
        [
          0.0,
          0.0,
          0.0,
          1.0
        ]
      ]
    },
    {
      "file_path": "images/train_0025.png",
      "transform_matrix": [
        [
          0.9238728533,
          0.0,
          0.382699557,
          1.6599769329
        ],
        [
          0.382699557,
          0.0,
          -0.9238728533,
          -4.0073409993
        ],
        [
          -0.0,
          1.0,
          0.0,
          0.0
        ],
        [
          0.0,
          0.0,
          0.0,
          1.0
        ]
      ]
    },
    {
      "file_path": "images/train_0026.png",
      "transform_matrix": [
        [
          0.9415352451,
          0.0,
          0.3369145028,
          1.4613821541
        ],
        [
          0.3369145028,
          0.0,
          -0.9415352451,
          -4.0839524363
        ],
        [
          -0.0,
          1.0,
          0.0,
          0.0
        ],
        [
          0.0,
          0.0,
          0.0,
          1.0
        ]
      ]
    },
    {
      "file_path": "images/train_0027.png",
      "transform_matrix": [
        [
          0.9569352692,
          0.0,
          0.290301379,
          1.2591955851
        ],
        [
          0.290301379,
          0.0,
          -0.9569352692,
          -4.150750749
        ],
        [
          -0.0,
          1.0,
          0.0,
          0.0
        ],
        [
          0.0,
          0.0,
          0.0,
          1.0
        ]
      ]
    },
    {
      "file_path": "images/train_0028.png",
      "transform_matrix": [
        [
          0.9700248917,
          0.0,
          0.2430055752,
          1.0540478606
        ],
        [
          0.2430055752,
          0.0,
          -0.9700248917,
          -4.2075275887
        ],
        [
          -0.0,
          1.0,
          0.0,
          0.0
        ],
        [
          0.0,
          0.0,
          0.0,
          1.0
        ]
      ]
    },
    {
      "file_path": "images/train_0029.png",
      "transform_matrix": [
        [
          0.9807818753,
          0.0,
          0.1951074399,
          0.8462874956
        ],
        [
          0.1951074399,
          0.0,
          -0.9807818753,
          -4.2541865
        ],
        [
          -0.0,
          1.0,
          0.0,
          0.0
        ],
        [
          0.0,
          0.0,
          0.0,
          1.0
        ]
      ]
    },
    {
      "file_path": "images/train_0030.png",
      "transform_matrix": [
        [
          0.9891726682,
          0.0,
          0.146756371,
          0.6365625099
        ],
        [
          0.146756371,
          0.0,
          -0.9891726682,
          -4.2905819504
        ],
        [
          -0.0,
          1.0,
          0.0,
          0.0
        ],
        [
          0.0,
          0.0,
          0.0,
          1.0
        ]
      ]
    },
    {
      "file_path": "images/train_0031.png",
      "transform_matrix": [
        [
          0.9951830158,
          0.0,
          0.0980345096,
          0.4252291948
        ],
        [
          0.0980345096,
          0.0,
          -0.9951830158,
          -4.3166521094
        ],
        [
          -0.0,
          1.0,
          0.0,
          0.0
        ],
        [
          0.0,
          0.0,
          0.0,
          1.0
        ]
      ]
    },
    {
      "file_path": "images/train_0032.png",
      "transform_matrix": [
        [
          0.9987941713,
          0.0,
          0.0490938227,
          0.2129467143
        ],
        [
          0.0490938227,
          0.0,
          -0.9987941713,
          -4.3323156624
        ],
        [
          -0.0,
          1.0,
          0.0,
          0.0
        ],
        [
          0.0,
          0.0,
          0.0,
          1.0
        ]
      ]
    },
    {
      "file_path": "images/train_0033.png",
      "transform_matrix": [
        [
          0.9999999998,
          0.0,
          1.74533e-05,
          7.57045e-05
        ],
        [
          1.74533e-05,
          0.0,
          -0.9999999998,
          -4.3375459993
        ],
        [
          -0.0,
          1.0,
          0.0,
          0.0
        ],
        [
          0.0,
          0.0,
          0.0,
          1.0
        ]
      ]
    },
    {
      "file_path": "images/train_0034.png",
      "transform_matrix": [
        [
          0.9987967405,
          0.0,
          -0.0490415259,
          -0.2127198745
        ],
        [
          -0.0490415259,
          0.0,
          -0.9987967405,
          -4.3323268064
        ],
        [
          0.0,
          1.0,
          0.0,
          0.0
        ],
        [
          0.0,
          0.0,
          0.0,
          1.0
        ]
      ]
    },
    {
      "file_path": "images/train_0035.png",
      "transform_matrix": [
        [
          0.9951864372,
          0.0,
          -0.0979997711,
          -0.425078515
        ],
        [
          -0.0979997711,
          0.0,
          -0.9951864372,
          -4.3166669501
        ],
        [
          0.0,
          1.0,
          0.0,
          0.0
        ],
        [
          0.0,
          0.0,
          0.0,
          1.0
        ]
      ]
    },
    {
      "file_path": "images/train_0036.png",
      "transform_matrix": [
        [
          0.989180351,
          0.0,
          -0.1467045778,
          -0.6363378547
        ],
        [
          -0.1467045778,
          0.0,
          -0.989180351,
          -4.2906152748
        ],
        [
          0.0,
          1.0,
          0.0,
          0.0
        ],
        [
          0.0,
          0.0,
          0.0,
          1.0
        ]
      ]
    },
    {
      "file_path": "images/train_0037.png",
      "transform_matrix": [
        [
          0.9807886852,
          0.0,
          -0.1950732041,
          -0.846138996
        ],
        [
          -0.1950732041,
          0.0,
          -0.9807886852,
          -4.2542160384
        ],
        [
          0.0,
          1.0,
          0.0,
          0.0
        ],
        [
          0.0,
          0.0,
          0.0,
          1.0
        ]
      ]
    },
    {
      "file_path": "images/train_0038.png",
      "transform_matrix": [
        [
          0.9700376141,
          0.0,
          -0.2429547845,
          -1.0538275535
        ],
        [
          -0.2429547845,
          0.0,
          -0.9700376141,
          -4.2075827728
        ],
        [
          0.0,
          1.0,
          0.0,
          0.0
        ],
        [
          0.0,
          0.0,
          0.0,
          1.0
        ]
      ]
    },
    {
      "file_path": "images/train_0039.png",
      "transform_matrix": [
        [
          0.956945402,
          0.0,
          -0.2902679755,
          -1.2590506958
        ],
        [
          -0.2902679755,
          0.0,
          -0.956945402,
          -4.1507947007
        ],
        [
          0.0,
          1.0,
          0.0,
          0.0
        ],
        [
          0.0,
          0.0,
          0.0,
          1.0
        ]
      ]
    },
    {
      "file_path": "images/train_0040.png",
      "transform_matrix": [
        [
          0.9415528846,
          0.0,
          -0.3368652037,
          -1.4611683169
        ],
        [
          -0.3368652037,
          0.0,
          -0.9415528846,
          -4.0840289485
        ],
        [
          0.0,
          1.0,
          0.0,
          0.0
        ],
        [
          0.0,
          0.0,
          0.0,
          1.0
        ]
      ]
    },
    {
      "file_path": "images/train_0041.png",
      "transform_matrix": [
        [
          0.9238862115,
          0.0,
          -0.3826673076,
          -1.6598370493
        ],
        [
          -0.3826673076,
          0.0,
          -0.9238862115,
          -4.007398941
        ],
        [
          0.0,
          1.0,
          0.0,
          0.0
        ],
        [
          0.0,
          0.0,
          0.0,
          1.0
        ]
      ]
    },
    {
      "file_path": "images/train_0042.png",
      "transform_matrix": [
        [
          0.9040004862,
          0.0,
          -0.4275314269,
          -1.8544372306
        ],
        [
          -0.4275314269,
          0.0,
          -0.9040004862,
          -3.9211436928
        ],
        [
          0.0,
          1.0,
          0.0,
          0.0
        ],
        [
          0.0,
          0.0,
          0.0,
          1.0
        ]
      ]
    },
    {
      "file_path": "images/train_0043.png",
      "transform_matrix": [
        [
          0.8819294916,
          0.0,
          -0.4713813443,
          -2.0446382645
        ],
        [
          -0.4713813443,
          0.0,
          -0.8819294916,
          -3.8254097387
        ],
        [
          0.0,
          1.0,
          0.0,
          0.0
        ],
        [
          0.0,
          0.0,
          0.0,
          1.0
        ]
      ]
    },
    {
      "file_path": "images/train_0044.png",
      "transform_matrix": [
        [
          0.8577420689,
          0.0,
          -0.5140802887,
          -2.2298469001
        ],
        [
          -0.5140802887,
          0.0,
          -0.8577420689,
          -3.7204956799
        ],
        [
          0.0,
          1.0,
          0.0,
          0.0
        ],
        [
          0.0,
          0.0,
          0.0,
          1.0
        ]
      ]
    },
    {
      "file_path": "images/train_0045.png",
      "transform_matrix": [
        [
          0.8314793087,
          0.0,
          -0.5555557211,
          -2.4097484956
        ],
        [
          -0.5555557211,
          0.0,
          -0.8314793087,
          -3.6065797496
        ],
        [
          0.0,
          1.0,
          0.0,
          0.0
        ],
        [
          0.0,
          0.0,
          0.0,
          1.0
        ]
      ]
    },
    {
      "file_path": "images/train_0046.png",
      "transform_matrix": [
        [
          0.8032231266,
          0.0,
          -0.5956782764,
          -2.5837819249
        ],
        [
          -0.5956782764,
          0.0,
          -0.8032231266,
          -3.4840172598
        ],
        [
          0.0,
          1.0,
          0.0,
          0.0
        ],
        [
          0.0,
          0.0,
          0.0,
          1.0
        ]
      ]
    },
    {
      "file_path": "images/train_0047.png",
      "transform_matrix": [
        [
          0.7730215255,
          0.0,
          -0.6343797925,
          -2.7516515314
        ],
        [
          -0.6343797925,
          0.0,
          -0.7730215255,
          -3.3530164258
        ],
        [
          0.0,
          1.0,
          0.0,
          0.0
        ],
        [
          0.0,
          0.0,
          0.0,
          1.0
        ]
      ]
    },
    {
      "file_path": "images/train_0048.png",
      "transform_matrix": [
        [
          0.7409687065,
          0.0,
          -0.6715395566,
          -2.9128337174
        ],
        [
          -0.6715395566,
          0.0,
          -0.7409687065,
          -3.2139858489
        ],
        [
          0.0,
          1.0,
          0.0,
          0.0
        ],
        [
          0.0,
          0.0,
          0.0,
          1.0
        ]
      ]
    },
    {
      "file_path": "images/train_0049.png",
      "transform_matrix": [
        [
          0.7071191224,
          0.0,
          -0.7070944397,
          -3.0670546587
        ],
        [
          -0.7070944397,
          0.0,
          -0.7071191224,
          -3.067161721
        ],
        [
          0.0,
          1.0,
          0.0,
          0.0
        ],
        [
          0.0,
          0.0,
          0.0,
          1.0
        ]
      ]
    },
    {
      "file_path": "images/train_0050.png",
      "transform_matrix": [
        [
          0.6715783527,
          0.0,
          -0.7409335437,
          -3.2138333289
        ],
        [
          -0.7409335437,
          0.0,
          -0.6715783527,
          -2.9130019973
        ],
        [
          0.0,
          1.0,
          0.0,
          0.0
        ],
        [
          0.0,
          0.0,
          0.0,
          1.0
        ]
      ]
    },
    {
      "file_path": "images/train_0051.png",
      "transform_matrix": [
        [
          0.6344067756,
          0.0,
          -0.772999381,
          -3.352920373
        ],
        [
          -0.772999381,
          0.0,
          -0.6344067756,
          -2.7517685721
        ],
        [
          0.0,
          1.0,
          0.0,
          0.0
        ],
        [
          0.0,
          0.0,
          0.0,
          1.0
        ]
      ]
    },
    {
      "file_path": "images/train_0052.png",
      "transform_matrix": [
        [
          0.5957203322,
          0.0,
          -0.8031919358,
          -3.4838819685
        ],
        [
          -0.8031919358,
          0.0,
          -0.5957203322,
          -2.5839643441
        ],
        [
          0.0,
          1.0,
          0.0,
          0.0
        ],
        [
          0.0,
          0.0,
          0.0,
          1.0
        ]
      ]
    },
    {
      "file_path": "images/train_0053.png",
      "transform_matrix": [
        [
          0.5555847448,
          0.0,
          -0.8314599156,
          -3.6064956313
        ],
        [
          -0.8314599156,
          0.0,
          -0.5555847448,
          -2.4098743875
        ],
        [
          0.0,
          1.0,
          0.0,
          0.0
        ],
        [
          0.0,
          0.0,
          0.0,
          1.0
        ]
      ]
    },
    {
      "file_path": "images/train_0054.png",
      "transform_matrix": [
        [
          0.5141251993,
          0.0,
          -0.8577151505,
          -3.7203789203
        ],
        [
          -0.8577151505,
          0.0,
          -0.5141251993,
          -2.2300417017
        ],
        [
          0.0,
          1.0,
          0.0,
          0.0
        ],
        [
          0.0,
          0.0,
          0.0,
          1.0
        ]
      ]
    },
    {
      "file_path": "images/train_0055.png",
      "transform_matrix": [
        [
          0.4714121292,
          0.0,
          -0.8819130368,
          -3.8253383651
        ],
        [
          -0.8819130368,
          0.0,
          -0.4714121292,
          -2.0447717953
        ],
        [
          0.0,
          1.0,
          0.0,
          0.0
        ],
        [
          0.0,
          0.0,
          0.0,
          1.0
        ]
      ]
    },
    {
      "file_path": "images/train_0056.png",
      "transform_matrix": [
        [
          0.4275787597,
          0.0,
          -0.9039780994,
          -3.9210465893
        ],
        [
          -0.9039780994,
          0.0,
          -0.4275787597,
          -1.8546425387
        ],
        [
          0.0,
          1.0,
          0.0,
          0.0
        ],
        [
          0.0,
          0.0,
          0.0,
          1.0
        ]
      ]
    },
    {
      "file_path": "images/train_0057.png",
      "transform_matrix": [
        [
          0.382699557,
          0.0,
          -0.9238728533,
          -4.0073409993
        ],
        [
          -0.9238728533,
          0.0,
          -0.382699557,
          -1.6599769329
        ],
        [
          0.0,
          1.0,
          0.0,
          0.0
        ],
        [
          0.0,
          0.0,
          0.0,
          1.0
        ]
      ]
    },
    {
      "file_path": "images/train_0058.png",
      "transform_matrix": [
        [
          0.3369145028,
          0.0,
          -0.9415352451,
          -4.0839524363
        ],
        [
          -0.9415352451,
          0.0,
          -0.3369145028,
          -1.4613821541
        ],
        [
          0.0,
          1.0,
          0.0,
          0.0
        ],
        [
          0.0,
          0.0,
          0.0,
          1.0
        ]
      ]
    },
    {
      "file_path": "images/train_0059.png",
      "transform_matrix": [
        [
          0.290301379,
          0.0,
          -0.9569352692,
          -4.150750749
        ],
        [
          -0.9569352692,
          0.0,
          -0.290301379,
          -1.2591955851
        ],
        [
          0.0,
          1.0,
          0.0,
          0.0
        ],
        [
          0.0,
          0.0,
          0.0,
          1.0
        ]
      ]
    },
    {
      "file_path": "images/train_0060.png",
      "transform_matrix": [
        [
          0.2430055752,
          0.0,
          -0.9700248917,
          -4.2075275887
        ],
        [
          -0.9700248917,
          0.0,
          -0.2430055752,
          -1.0540478606
        ],
        [
          0.0,
          1.0,
          0.0,
          0.0
        ],
        [
          0.0,
          0.0,
          0.0,
          1.0
        ]
      ]
    },
    {
      "file_path": "images/train_0061.png",
      "transform_matrix": [
        [
          0.1951074399,
          0.0,
          -0.9807818753,
          -4.2541865
        ],
        [
          -0.9807818753,
          0.0,
          -0.1951074399,
          -0.8462874956
        ],
        [
          0.0,
          1.0,
          0.0,
          0.0
        ],
        [
          0.0,
          0.0,
          0.0,
          1.0
        ]
      ]
    },
    {
      "file_path": "images/train_0062.png",
      "transform_matrix": [
        [
          0.146756371,
          0.0,
          -0.9891726682,
          -4.2905819504
        ],
        [
          -0.9891726682,
          0.0,
          -0.146756371,
          -0.6365625099
        ],
        [
          0.0,
          1.0,
          0.0,
          0.0
        ],
        [
          0.0,
          0.0,
          0.0,
          1.0
        ]
      ]
    },
    {
      "file_path": "images/train_0063.png",
      "transform_matrix": [
        [
          0.0980345096,
          0.0,
          -0.9951830158,
          -4.3166521094
        ],
        [
          -0.9951830158,
          0.0,
          -0.0980345096,
          -0.4252291948
        ],
        [
          0.0,
          1.0,
          0.0,
          0.0
        ],
        [
          0.0,
          0.0,
          0.0,
          1.0
        ]
      ]
    },
    {
      "file_path": "images/train_0064.png",
      "transform_matrix": [
        [
          0.0490938227,
          0.0,
          -0.9987941713,
          -4.3323156624
        ],
        [
          -0.9987941713,
          0.0,
          -0.0490938227,
          -0.2129467143
        ],
        [
          0.0,
          1.0,
          0.0,
          0.0
        ],
        [
          0.0,
          0.0,
          0.0,
          1.0
        ]
      ]
    },
    {
      "file_path": "images/train_0065.png",
      "transform_matrix": [
        [
          1.74533e-05,
          0.0,
          -0.9999999998,
          -4.3375459993
        ],
        [
          -0.9999999998,
          0.0,
          -1.74533e-05,
          -7.57045e-05
        ],
        [
          0.0,
          1.0,
          0.0,
          0.0
        ],
        [
          0.0,
          0.0,
          0.0,
          1.0
        ]
      ]
    },
    {
      "file_path": "images/train_0066.png",
      "transform_matrix": [
        [
          -0.0490415259,
          0.0,
          -0.9987967405,
          -4.3323268064
        ],
        [
          -0.9987967405,
          0.0,
          0.0490415259,
          0.2127198745
        ],
        [
          0.0,
          1.0,
          -0.0,
          0.0
        ],
        [
          0.0,
          0.0,
          0.0,
          1.0
        ]
      ]
    },
    {
      "file_path": "images/train_0067.png",
      "transform_matrix": [
        [
          -0.0979997711,
          0.0,
          -0.9951864372,
          -4.3166669501
        ],
        [
          -0.9951864372,
          0.0,
          0.0979997711,
          0.425078515
        ],
        [
          0.0,
          1.0,
          -0.0,
          0.0
        ],
        [
          0.0,
          0.0,
          0.0,
          1.0
        ]
      ]
    },
    {
      "file_path": "images/train_0068.png",
      "transform_matrix": [
        [
          -0.1467045778,
          0.0,
          -0.989180351,
          -4.2906152748
        ],
        [
          -0.989180351,
          0.0,
          0.1467045778,
          0.6363378547
        ],
        [
          0.0,
          1.0,
          -0.0,
          0.0
        ],
        [
          0.0,
          0.0,
          0.0,
          1.0
        ]
      ]
    },
    {
      "file_path": "images/train_0069.png",
      "transform_matrix": [
        [
          -0.1950732041,
          0.0,
          -0.9807886852,
          -4.2542160384
        ],
        [
          -0.9807886852,
          0.0,
          0.1950732041,
          0.846138996
        ],
        [
          0.0,
          1.0,
          -0.0,
          0.0
        ],
        [
          0.0,
          0.0,
          0.0,
          1.0
        ]
      ]
    },
    {
      "file_path": "images/train_0070.png",
      "transform_matrix": [
        [
          -0.2429547845,
          0.0,
          -0.9700376141,
          -4.2075827728
        ],
        [
          -0.9700376141,
          0.0,
          0.2429547845,
          1.0538275535
        ],
        [
          0.0,
          1.0,
          -0.0,
          0.0
        ],
        [
          0.0,
          0.0,
          0.0,
          1.0
        ]
      ]
    },
    {
      "file_path": "images/train_0071.png",
      "transform_matrix": [
        [
          -0.2902679755,
          0.0,
          -0.956945402,
          -4.1507947007
        ],
        [
          -0.956945402,
          0.0,
          0.2902679755,
          1.2590506958
        ],
        [
          0.0,
          1.0,
          -0.0,
          0.0
        ],
        [
          0.0,
          0.0,
          0.0,
          1.0
        ]
      ]
    },
    {
      "file_path": "images/train_0072.png",
      "transform_matrix": [
        [
          -0.3368652037,
          0.0,
          -0.9415528846,
          -4.0840289485
        ],
        [
          -0.9415528846,
          0.0,
          0.3368652037,
          1.4611683169
        ],
        [
          0.0,
          1.0,
          -0.0,
          0.0
        ],
        [
          0.0,
          0.0,
          0.0,
          1.0
        ]
      ]
    },
    {
      "file_path": "images/train_0073.png",
      "transform_matrix": [
        [
          -0.3826673076,
          0.0,
          -0.9238862115,
          -4.007398941
        ],
        [
          -0.9238862115,
          0.0,
          0.3826673076,
          1.6598370493
        ],
        [
          0.0,
          1.0,
          -0.0,
          0.0
        ],
        [
          0.0,
          0.0,
          0.0,
          1.0
        ]
      ]
    },
    {
      "file_path": "images/train_0074.png",
      "transform_matrix": [
        [
          -0.4275314269,
          0.0,
          -0.9040004862,
          -3.9211436928
        ],
        [
          -0.9040004862,
          0.0,
          0.4275314269,
          1.8544372306
        ],
        [
          0.0,
          1.0,
          -0.0,
          0.0
        ],
        [
          0.0,
          0.0,
          0.0,
          1.0
        ]
      ]
    },
    {
      "file_path": "images/train_0075.png",
      "transform_matrix": [
        [
          -0.4713813443,
          0.0,
          -0.8819294916,
          -3.8254097387
        ],
        [
          -0.8819294916,
          0.0,
          0.4713813443,
          2.0446382645
        ],
        [
          0.0,
          1.0,
          -0.0,
          0.0
        ],
        [
          0.0,
          0.0,
          0.0,
          1.0
        ]
      ]
    },
    {
      "file_path": "images/train_0076.png",
      "transform_matrix": [
        [
          -0.5140802887,
          0.0,
          -0.8577420689,
          -3.7204956799
        ],
        [
          -0.8577420689,
          0.0,
          0.5140802887,
          2.2298469001
        ],
        [
          0.0,
          1.0,
          -0.0,
          0.0
        ],
        [
          0.0,
          0.0,
          0.0,
          1.0
        ]
      ]
    },
    {
      "file_path": "images/train_0077.png",
      "transform_matrix": [
        [
          -0.5555557211,
          0.0,
          -0.8314793087,
          -3.6065797496
        ],
        [
          -0.8314793087,
          0.0,
          0.5555557211,
          2.4097484956
        ],
        [
          0.0,
          1.0,
          -0.0,
          0.0
        ],
        [
          0.0,
          0.0,
          0.0,
          1.0
        ]
      ]
    },
    {
      "file_path": "images/train_0078.png",
      "transform_matrix": [
        [
          -0.5956782764,
          0.0,
          -0.8032231266,
          -3.4840172598
        ],
        [
          -0.8032231266,
          0.0,
          0.5956782764,
          2.5837819249
        ],
        [
          0.0,
          1.0,
          -0.0,
          0.0
        ],
        [
          0.0,
          0.0,
          0.0,
          1.0
        ]
      ]
    },
    {
      "file_path": "images/train_0079.png",
      "transform_matrix": [
        [
          -0.6343797925,
          0.0,
          -0.7730215255,
          -3.3530164258
        ],
        [
          -0.7730215255,
          0.0,
          0.6343797925,
          2.7516515314
        ],
        [
          0.0,
          1.0,
          -0.0,
          0.0
        ],
        [
          0.0,
          0.0,
          0.0,
          1.0
        ]
      ]
    },
    {
      "file_path": "images/train_0080.png",
      "transform_matrix": [
        [
          -0.6715395566,
          0.0,
          -0.7409687065,
          -3.2139858489
        ],
        [
          -0.7409687065,
          0.0,
          0.6715395566,
          2.9128337174
        ],
        [
          0.0,
          1.0,
          -0.0,
          0.0
        ],
        [
          0.0,
          0.0,
          0.0,
          1.0
        ]
      ]
    },
    {
      "file_path": "images/train_0081.png",
      "transform_matrix": [
        [
          -0.7070944397,
          0.0,
          -0.7071191224,
          -3.067161721
        ],
        [
          -0.7071191224,
          0.0,
          0.7070944397,
          3.0670546587
        ],
        [
          0.0,
          1.0,
          -0.0,
          0.0
        ],
        [
          0.0,
          0.0,
          0.0,
          1.0
        ]
      ]
    },
    {
      "file_path": "images/train_0082.png",
      "transform_matrix": [
        [
          -0.7409335437,
          0.0,
          -0.6715783527,
          -2.9130019973
        ],
        [
          -0.6715783527,
          0.0,
          0.7409335437,
          3.2138333289
        ],
        [
          0.0,
          1.0,
          -0.0,
          0.0
        ],
        [
          0.0,
          0.0,
          0.0,
          1.0
        ]
      ]
    },
    {
      "file_path": "images/train_0083.png",
      "transform_matrix": [
        [
          -0.772999381,
          0.0,
          -0.6344067756,
          -2.7517685721
        ],
        [
          -0.6344067756,
          0.0,
          0.772999381,
          3.352920373
        ],
        [
          0.0,
          1.0,
          -0.0,
          0.0
        ],
        [
          0.0,
          0.0,
          0.0,
          1.0
        ]
      ]
    },
    {
      "file_path": "images/train_0084.png",
      "transform_matrix": [
        [
          -0.8031919358,
          0.0,
          -0.5957203322,
          -2.5839643441
        ],
        [
          -0.5957203322,
          0.0,
          0.8031919358,
          3.4838819685
        ],
        [
          0.0,
          1.0,
          -0.0,
          0.0
        ],
        [
          0.0,
          0.0,
          0.0,
          1.0
        ]
      ]
    },
    {
      "file_path": "images/train_0085.png",
      "transform_matrix": [
        [
          -0.8314599156,
          0.0,
          -0.5555847448,
          -2.4098743875
        ],
        [
          -0.5555847448,
          0.0,
          0.8314599156,
          3.6064956313
        ],
        [
          0.0,
          1.0,
          -0.0,
          0.0
        ],
        [
          0.0,
          0.0,
          0.0,
