{
  "camera_angle_x": 0.6911112070083618,
  "frames": [
    {
      "file_path": "im_0.png",
      "transform_matrix": [
        [
          -0.9895265102386475,
          0.011247790418565273,
          -0.14391253888607025,
          -1.5947080850601196
        ],
        [
          -0.14435142278671265,
          -0.07710340619087219,
          0.9865179657936096,
          10.931695938110352
        ],
        [
          0.0,
          0.9969596266746521,
          0.07791949808597565,
          0.863434910774231
        ],
        [
          0.0,
          0.0,
          0.0,
          1.0
        ]
      ]
    },
    {
      "file_path": "im_1.png",
      "transform_matrix": [
        [
          -0.9946744441986084,
          -0.06749948114156723,
          0.07788831740617752,
          0.86308753490448
        ],
        [
          0.1030668243765831,
          -0.6514221429824829,
          0.751682460308075,
          8.329461097717285
        ],
        [
          0.0,
          0.7557070255279541,
          0.6549099087715149,
          7.257118225097656
        ],
        [
          0.0,
          0.0,
          0.0,
          1.0
        ]
      ]
    },
    {
      "file_path": "im_2.png",
      "transform_matrix": [
        [
          -0.29587429761886597,
          0.9006856679916382,
          -0.31815680861473083,
          -3.5255231857299805
        ],
        [
          -0.9552268981933594,
          -0.278980553150177,
          0.09854666888713837,
          1.0920041799545288
        ],
        [
          0.0,
          0.3330693542957306,
          0.9429023265838623,
          10.44838809967041
        ],
        [
          0.0,
          0.0,
          0.0,
          1.0
        ]
      ]
    },
    {
      "file_path": "im_3.png",
      "transform_matrix": [
        [
          -0.9982741475105286,
          -0.04727574437856674,
          0.034838125109672546,
          0.38604438304901123
        ],
        [
          0.05872555822134018,
          -0.8036391139030457,
          0.5922123789787292,
          6.562358379364014
        ],
        [
          0.0,
          0.5932362079620361,
          0.8050284385681152,
          8.920595169067383
        ],
        [
          0.0,
          0.0,
          0.0,
          1.0
        ]
      ]
    },
    {
      "file_path": "im_4.png",
      "transform_matrix": [
        [
          -0.262383371591568,
          -0.38010573387145996,
          0.8869467973709106,
          9.828338623046875
        ],
        [
          0.9649637341499329,
          -0.10335458815097809,
          0.2411697804927826,
          2.67242431640625
        ],
        [
          0.0,
          0.9191504120826721,
          0.39390677213668823,
          4.3649187088012695
        ],
        [
          0.0,
          0.0,
          0.0,
          1.0
        ]
      ]
    },
    {
      "file_path": "im_5.png",
      "transform_matrix": [
        [
          0.8692622780799866,
          0.30722472071647644,
          -0.3872932195663452,
          -4.29163122177124
        ],
        [
          -0.4943511486053467,
          0.5402209758758545,
          -0.6810126304626465,
          -7.54636287689209
        ],
        [
          0.0,
          0.7834374904632568,
          0.6214706301689148,
          6.8865742683410645
        ],
        [
          0.0,
          0.0,
          0.0,
          1.0
        ]
      ]
    },
    {
      "file_path": "im_6.png",
      "transform_matrix": [
        [
          -0.9928512573242188,
          0.018718840554356575,
          -0.11788132786750793,
          -1.3062537908554077
        ],
        [
          -0.11935830116271973,
          -0.15570785105228424,
          0.9805654287338257,
          10.86573600769043
        ],
        [
          0.0,
          0.987625777721405,
          0.15682898461818695,
          1.7378381490707397
        ],
        [
          0.0,
          0.0,
          0.0,
          1.0
        ]
      ]
    },
    {
      "file_path": "im_7.png",
      "transform_matrix": [
        [
          0.6026659607887268,
          0.6619370579719543,
          -0.4456827640533447,
          -4.938650131225586
        ],
        [
          -0.7979936003684998,
          0.49991241097450256,
          -0.3365914821624756,
          -3.729800224304199
        ],
        [
          0.0,
          0.5585041642189026,
          0.8295016884803772,
          9.19178581237793
        ],
        [
          0.0,
          0.0,
          0.0,
          1.0
        ]
      ]
    },
    {
      "file_path": "im_8.png",
      "transform_matrix": [
        [
          -0.9981033802032471,
          -0.044905103743076324,
          0.04210963845252991,
          0.46662068367004395
        ],
        [
          0.061560455709695816,
          -0.728063702583313,
          0.6827397346496582,
          7.565500259399414
        ],
        [
          0.0,
          0.6840370893478394,
          0.7294471859931946,
          8.083072662353516
        ],
        [
          0.0,
          0.0,
          0.0,
          1.0
        ]
      ]
    },
    {
      "file_path": "im_9.png",
      "transform_matrix": [
        [
          -0.9369912147521973,
          -0.08809074759483337,
          0.3380642235279083,
          3.7461206912994385
        ],
        [
          0.3493528366088867,
          -0.23626616597175598,
          0.9067143797874451,
          10.047384262084961
        ],
        [
          0.0,
          0.9676871299743652,
          0.25215408205986023,
          2.7941441535949707
        ],
        [
          0.0,
          0.0,
          0.0,
          1.0
        ]
      ]
    }
  ]
}