{
    "camera_angle_x": 0.6911112070083618,
    "frames": [
        {
            "file_path": "r_0",
            "rotation": 0.20943951023931956,
            "transform_matrix": [
                [
                    -0.8657639026641846,
                    -0.38657456636428833,
                    0.31782540678977966,
                    1.2811952829360962
                ],
                [
                    0.5004526972770691,
                    -0.6687591075897217,
                    0.5498256683349609,
                    2.216418504714966
                ],
                [
                    1.4901161193847656e-08,
                    0.6350759267807007,
                    0.7724496126174927,
                    3.113844394683838
                ],
                [
                    0.0,
                    0.0,
                    0.0,
                    1.0
                ]
            ]
        },
        {
            "file_path": "r_1",
            "rotation": 0.20943951023931956,
            "transform_matrix": [
                [
                    -0.8010076880455017,
                    0.41991308331489563,
                    -0.42668434977531433,
                    -1.7200195789337158
                ],
                [
                    -0.59865403175354,
                    -0.5618497133255005,
                    0.5709097981452942,
                    2.3014109134674072
                ],
                [
                    1.4901161193847656e-08,
                    0.7127391695976257,
                    0.7014288902282715,
                    2.8275504112243652
                ],
                [
                    0.0,
                    0.0,
                    0.0,
                    1.0
                ]
            ]
        },
        {
            "file_path": "r_2",
            "rotation": 0.20943951023931956,
            "transform_matrix": [
                [
                    0.33841726183891296,
                    -0.933529257774353,
                    0.1183074340224266,
                    0.4769125282764435
                ],
                [
                    0.9409962296485901,
                    0.3357318639755249,
                    -0.04254775494337082,
                    -0.17151547968387604
                ],
                [
                    0.0,
                    0.12572532892227173,
                    0.9920650720596313,
                    3.9991421699523926
                ],
                [
                    0.0,
                    0.0,
                    0.0,
                    1.0
                ]
            ]
        },
        {
            "file_path": "r_3",
            "rotation": 0.20943951023931956,
            "transform_matrix": [
                [
                    0.15319667756557465,
                    0.877032995223999,
                    -0.45535025000572205,
                    -1.835575819015503
                ],
                [
                    -0.9881957769393921,
                    0.13596348464488983,
                    -0.07059141993522644,
                    -0.2845631539821625
                ],
                [
                    3.725290742551124e-09,
                    0.46078959107398987,
                    0.8875092267990112,
                    3.577664613723755
                ],
                [
                    0.0,
                    0.0,
                    0.0,
                    1.0
                ]
            ]
        },
        {
            "file_path": "r_4",
            "rotation": 0.20943951023931956,
            "transform_matrix": [
                [
                    -0.5230855345726013,
                    0.5574553608894348,
                    -0.6446897983551025,
                    -2.598827838897705
                ],
                [
                    -0.8522802591323853,
                    -0.34213730692863464,
                    0.39567723870277405,
                    1.5950262546539307
                ],
                [
                    -1.4901161193847656e-08,
                    0.7564294338226318,
                    0.6540752053260803,
                    2.6366617679595947
                ],
                [
                    0.0,
                    0.0,
                    0.0,
                    1.0
                ]
            ]
        },
        {
            "file_path": "r_5",
            "rotation": 0.20943951023931956,
            "transform_matrix": [
                [
                    0.7143498659133911,
                    -0.4284566640853882,
                    0.5532892942428589,
                    2.2303807735443115
                ],
                [
                    0.6997886896133423,
                    0.43737196922302246,
                    -0.5648021101951599,
                    -2.2767903804779053
                ],
                [
                    0.0,
                    0.7906520366668701,
                    0.6122657060623169,
                    2.4681222438812256
                ],
                [
                    0.0,
                    0.0,
                    0.0,
                    1.0
                ]
            ]
        },
        {
            "file_path": "r_6",
            "rotation": 0.20943951023931956,
            "transform_matrix": [
                [
                    -0.9753360152244568,
                    0.16281087696552277,
                    -0.14903824031352997,
                    -0.6007923483848572
                ],
                [
                    -0.22072559595108032,
                    -0.7194241285324097,
                    0.6585659980773926,
                    2.654764413833618
                ],
                [
                    0.0,
                    0.675219714641571,
                    0.7376167178153992,
                    2.9734280109405518
                ],
                [
                    0.0,
                    0.0,
                    0.0,
                    1.0
                ]
            ]
        },
        {
            "file_path": "r_7",
            "rotation": 0.20943951023931956,
            "transform_matrix": [
                [
                    0.9668180346488953,
                    0.15673412382602692,
                    -0.20173582434654236,
                    -0.813223123550415
                ],
                [
                    -0.255466103553772,
                    0.593164324760437,
                    -0.7634744048118591,
                    -3.0776636600494385
                ],
                [
                    0.0,
                    0.7896774411201477,
                    0.6135222315788269,
                    2.473187208175659
                ],
                [
                    0.0,
                    0.0,
                    0.0,
                    1.0
                ]
            ]
        },
        {
            "file_path": "r_8",
            "rotation": 0.20943951023931956,
            "transform_matrix": [
                [
                    -0.5908730030059814,
                    0.20941638946533203,
                    -0.7791109681129456,
                    -3.1406967639923096
                ],
                [
                    -0.8067646622657776,
                    -0.15337619185447693,
                    0.5706194639205933,
                    2.3002405166625977
                ],
                [
                    -7.450581485102248e-09,
                    0.9657225608825684,
                    0.25957563519477844,
                    1.0463829040527344
                ],
                [
                    0.0,
                    0.0,
                    0.0,
                    1.0
                ]
            ]
        },
        {
            "file_path": "r_9",
            "rotation": 0.20943951023931956,
            "transform_matrix": [
                [
                    0.2408429980278015,
                    0.27488112449645996,
                    -0.9308249354362488,
                    -3.752275228500366
                ],
                [
                    -0.9705641269683838,
                    0.06821104139089584,
                    -0.23098181188106537,
                    -0.9311174750328064
                ],
                [
                    0.0,
                    0.9590556025505066,
                    0.2832179069519043,
                    1.1416878700256348
                ],
                [
                    0.0,
                    0.0,
                    0.0,
                    1.0
                ]
            ]
        },
        {
            "file_path": "r_10",
            "rotation": 0.20943951023931956,
            "transform_matrix": [
                [
                    0.08879460394382477,
                    0.4823477864265442,
                    -0.8714677691459656,
                    -3.5129990577697754
                ],
                [
                    -0.9960500001907349,
                    0.04299973323941231,
                    -0.07768850773572922,
                    -0.3131723999977112
                ],
                [
                    0.0,
                    0.8749237656593323,
                    0.4842606484889984,
                    1.9521170854568481
                ],
                [
                    0.0,
                    0.0,
                    0.0,
                    1.0
                ]
            ]
        },
        {
            "file_path": "r_11",
            "rotation": 0.20943951023931956,
            "transform_matrix": [
                [
                    0.4589315950870514,
                    -0.7522414922714233,
                    0.47277286648750305,
                    1.9058085680007935
                ],
                [
                    0.8884715437889099,
                    0.38856324553489685,
                    -0.24420636892318726,
                    -0.9844274520874023
                ],
                [
                    0.0,
                    0.53211909532547,
                    0.8466691970825195,
                    3.4130332469940186
                ],
                [
                    0.0,
                    0.0,
                    0.0,
                    1.0
                ]
            ]
        },
        {
            "file_path": "r_12",
            "rotation": 0.20943951023931956,
            "transform_matrix": [
                [
                    -0.45483216643333435,
                    -0.4648781716823578,
                    0.7596156001091003,
                    3.0621085166931152
                ],
                [
                    0.8905772566795349,
                    -0.23742078244686127,
                    0.3879479467868805,
                    1.5638681650161743
                ],
                [
                    0.0,
                    0.8529474139213562,
                    0.5219966173171997,
                    2.1042356491088867
                ],
                [
                    0.0,
                    0.0,
                    0.0,
                    1.0
                ]
            ]
        },
        {
            "file_path": "r_13",
            "rotation": 0.20943951023931956,
            "transform_matrix": [
                [
                    -0.42646893858909607,
                    0.1930241882801056,
                    -0.8836661577224731,
                    -3.5621724128723145
                ],
                [
                    -0.9045024514198303,
                    -0.09101006388664246,
                    0.41664472222328186,
                    1.679548740386963
                ],
                [
                    0.0,
                    0.9769637584686279,
                    0.2134038209915161,
                    0.8602584004402161
                ],
                [
                    0.0,
                    0.0,
                    0.0,
                    1.0
                ]
            ]
        },
        {
            "file_path": "r_14",
            "rotation": 0.20943951023931956,
            "transform_matrix": [
                [
                    -0.8225609660148621,
                    0.1449323445558548,
                    -0.5498983263969421,
                    -2.2167108058929443
                ],
                [
                    -0.5686770081520081,
                    -0.20963691174983978,
                    0.7953985929489136,
                    3.2063539028167725
                ],
                [
                    0.0,
                    0.9669781923294067,
                    0.2548588514328003,
                    1.0273687839508057
                ],
                [
                    0.0,
                    0.0,
                    0.0,
                    1.0
                ]
            ]
        },
        {
            "file_path": "r_15",
            "rotation": 0.20943951023931956,
            "transform_matrix": [
                [
                    0.9981753826141357,
                    0.026475924998521805,
                    -0.054268497973680496,
                    -0.21876327693462372
                ],
                [
                    -0.060382477939128876,
                    0.4376702606678009,
                    -0.897105872631073,
                    -3.6163489818573
                ],
                [
                    0.0,
                    0.8987457156181335,
                    0.43847036361694336,
                    1.7675303220748901
                ],
                [
                    0.0,
                    0.0,
                    0.0,
                    1.0
                ]
            ]
        },
        {
            "file_path": "r_16",
            "rotation": 0.20943951023931956,
            "transform_matrix": [
                [
                    0.9735053777694702,
                    -0.18360254168510437,
                    0.13629953563213348,
                    0.5494409799575806
                ],
                [
                    0.22866450250148773,
                    0.7816606760025024,
                    -0.5802751183509827,
                    -2.3391637802124023
                ],
                [
                    0.0,
                    0.5960677266120911,
                    0.8029341697692871,
                    3.2367310523986816
                ],
                [
                    0.0,
                    0.0,
                    0.0,
                    1.0
                ]
            ]
        },
        {
            "file_path": "r_17",
            "rotation": 0.20943951023931956,
            "transform_matrix": [
                [
                    -0.7655344605445862,
                    0.5972199440002441,
                    -0.23934383690357208,
                    -0.9648258686065674
                ],
                [
                    -0.6433950066566467,
                    -0.7105937004089355,
                    0.2847798764705658,
                    1.1479843854904175
                ],
                [
                    0.0,
                    0.3720012605190277,
                    0.9282321929931641,
                    3.741823673248291
                ],
                [
                    0.0,
                    0.0,
                    0.0,
                    1.0
                ]
            ]
        },
        {
            "file_path": "r_18",
            "rotation": 0.20943951023931956,
            "transform_matrix": [
                [
                    0.32102110981941223,
                    -0.2471475899219513,
                    0.9142555594444275,
                    3.6854825019836426
                ],
                [
                    0.9470719695091248,
                    0.08377356082201004,
                    -0.30989763140678406,
                    -1.2492374181747437
                ],
                [
                    7.450580152834618e-09,
                    0.9653497338294983,
                    0.26095959544181824,
                    1.051961898803711
                ],
                [
                    0.0,
                    0.0,
                    0.0,
                    1.0
                ]
            ]
        },
        {
            "file_path": "r_19",
            "rotation": 0.20943951023931956,
            "transform_matrix": [
                [
                    0.8876451849937439,
                    -0.4230536222457886,
                    0.18196603655815125,
                    0.7335286140441895
                ],
                [
                    0.4605279564857483,
                    0.8154152035713196,
                    -0.35073065757751465,
                    -1.413840651512146
                ],
                [
                    0.0,
                    0.39512476325035095,
                    0.9186272621154785,
                    3.7031054496765137
                ],
                [
                    0.0,
                    0.0,
                    0.0,
                    1.0
                ]
            ]
        },
        {
            "file_path": "r_20",
            "rotation": 0.20943951023931956,
            "transform_matrix": [
                [
                    -0.8136218190193176,
                    0.2913222312927246,
                    -0.5031410455703735,
                    -2.028226375579834
                ],
                [
                    -0.5813944935798645,
                    -0.4076855182647705,
                    0.7041114568710327,
                    2.8383641242980957
                ],
                [
                    -1.4901161193847656e-08,
                    0.8654036521911621,
                    0.5010750889778137,
                    2.0198981761932373
                ],
                [
                    0.0,
                    0.0,
                    0.0,
                    1.0
                ]
            ]
        },
        {
            "file_path": "r_21",
            "rotation": 0.20943951023931956,
            "transform_matrix": [
                [
                    0.2013566792011261,
                    0.8228859901428223,
                    -0.53133225440979,
                    -2.141868829727173
                ],
                [
                    -0.9795180559158325,
                    0.16915827989578247,
                    -0.10922442376613617,
                    -0.4402977228164673
                ],
                [
                    0.0,
                    0.5424425005912781,
                    0.8400928974151611,
                    3.3865227699279785
                ],
                [
                    0.0,
                    0.0,
                    0.0,
                    1.0
                ]
            ]
        },
        {
            "file_path": "r_22",
            "rotation": 0.20943951023931956,
            "transform_matrix": [
                [
                    0.8795483112335205,
                    -0.2961026132106781,
                    0.3724486827850342,
                    1.501388669013977
                ],
                [
                    0.47580960392951965,
                    0.5473545789718628,
                    -0.6884825825691223,
                    -2.775362014770508
                ],
                [
                    0.0,
                    0.7827683687210083,
                    0.6223132014274597,
                    2.508624792098999
                ],
                [
                    0.0,
                    0.0,
                    0.0,
                    1.0
                ]
            ]
        },
        {
            "file_path": "r_23",
            "rotation": 0.20943951023931956,
            "transform_matrix": [
                [
                    0.9622401595115662,
                    -0.20814651250839233,
                    0.17541110515594482,
                    0.7071048021316528
                ],
                [
                    0.27220219373703003,
                    0.7358020544052124,
                    -0.6200817823410034,
                    -2.4996297359466553
                ],
                [
                    0.0,
                    0.6444148421287537,
                    0.7646760940551758,
                    3.082507848739624
                ],
                [
                    0.0,
                    0.0,
                    0.0,
                    1.0
                ]
            ]
        },
        {
            "file_path": "r_24",
            "rotation": 0.20943951023931956,
            "transform_matrix": [
                [
                    0.4312594532966614,
                    0.33686527609825134,
                    -0.836980938911438,
                    -3.3739781379699707
                ],
                [
                    -0.902228057384491,
                    0.16101951897144318,
                    -0.4000717103481293,
                    -1.6127406358718872
                ],
                [
                    0.0,
                    0.9276821613311768,
                    0.373370498418808,
                    1.505104660987854
                ],
                [
                    0.0,
                    0.0,
                    0.0,
                    1.0
                ]
            ]
        },
        {
            "file_path": "r_25",
            "rotation": 0.20943951023931956,
            "transform_matrix": [
                [
                    0.8863951563835144,
                    -0.42943865060806274,
                    0.17287728190422058,
                    0.6968905925750732
                ],
                [
                    0.46293017268180847,
                    0.8222673535346985,
                    -0.3310166597366333,
                    -1.3343708515167236
                ],
                [
                    0.0,
                    0.3734413683414459,
                    0.9276537299156189,
                    3.7394917011260986
                ],
                [
                    0.0,
                    0.0,
                    0.0,
                    1.0
                ]
            ]
        },
        {
            "file_path": "r_26",
            "rotation": 0.20943951023931956,
            "transform_matrix": [
                [
                    0.23625628650188446,
                    0.3580581247806549,
                    -0.9033147096633911,
                    -3.6413776874542236
                ],
                [
                    -0.9716907739639282,
                    0.08705803006887436,
                    -0.2196313738822937,
                    -0.8853622674942017
                ],
                [
                    0.0,
                    0.929631769657135,
                    0.3684898018836975,
                    1.4854297637939453
                ],
                [
                    0.0,
                    0.0,
                    0.0,
                    1.0
                ]
            ]
        },
        {
            "file_path": "r_27",
            "rotation": 0.20943951023931956,
            "transform_matrix": [
                [
                    -0.9488183259963989,
                    -0.12738965451717377,
                    0.28899064660072327,
                    1.1649587154388428
                ],
                [
                    0.3158223032951355,
                    -0.38271403312683105,
                    0.8682084679603577,
                    3.4998607635498047
                ],
                [
                    0.0,
                    0.9150418043136597,
                    0.4033585488796234,
                    1.6259905099868774
                ],
                [
                    0.0,
                    0.0,
                    0.0,
                    1.0
                ]
            ]
        },
        {
            "file_path": "r_28",
            "rotation": 0.20943951023931956,
            "transform_matrix": [
                [
                    0.9980760812759399,
                    0.016727574169635773,
                    -0.05969955772161484,
                    -0.24065661430358887
                ],
                [
                    -0.061998769640922546,
                    0.26928582787513733,
                    -0.9610626101493835,
                    -3.8741672039031982
                ],
                [
                    -1.8626447051417472e-09,
                    0.9629150629043579,
                    0.2698048949241638,
                    1.087618350982666
                ],
                [
                    0.0,
                    0.0,
                    0.0,
                    1.0
                ]
            ]
        },
        {
            "file_path": "r_29",
            "rotation": 0.20943951023931956,
            "transform_matrix": [
                [
                    0.45977744460105896,
                    -0.765605092048645,
                    0.44994819164276123,
                    1.813798427581787
                ],
                [
                    0.8880342245101929,
                    0.39639008045196533,
                    -0.2329595386981964,
                    -0.9390895962715149
                ],
                [
                    1.4901161193847656e-08,
                    0.5066787600517273,
                    0.8621351718902588,
                    3.475376844406128
                ],
                [
                    0.0,
                    0.0,
                    0.0,
                    1.0
                ]
            ]
        }
    ]
}