{
  "camera_angle_x": 0.8222390873846946,
  "w": 1000.0,
  "h": 1000.0,
  "cx": 500.0,
  "cy": 500.0,
  "fl_x": 1146.886625,
  "fl_y": 1146.886625,
  "frames": [
    {
      "file_path": "images/train_0001.png",
      "transform_matrix": [
        [
          -0.0097963764,
          0.0,
          0.9999520144,
          2.6539393692
        ],
        [
          0.9999520144,
          0.0,
          0.0097963764,
          0.0260002366
        ],
        [
          -0.0,
          1.0,
          -0.0,
          0.0
        ],
        [
          0.0,
          0.0,
          0.0,
          1.0
        ]
      ]
    },
    {
      "file_path": "images/train_0002.png",
      "transform_matrix": [
        [
          -0.0221516522,
          0.0,
          0.999754622,
          2.6534154769
        ],
        [
          0.999754622,
          0.0,
          0.0221516522,
          0.058791963
        ],
        [
          -0.0,
          1.0,
          -0.0,
          0.0
        ],
        [
          0.0,
          0.0,
          0.0,
          1.0
        ]
      ]
    },
    {
      "file_path": "images/train_0003.png",
      "transform_matrix": [
        [
          -0.0342314351,
          0.0,
          0.9994139327,
          2.6525112646
        ],
        [
          0.9994139327,
          0.0,
          0.0342314351,
          0.0908525128
        ],
        [
          -0.0,
          1.0,
          -0.0,
          0.0
        ],
        [
          0.0,
          0.0,
          0.0,
          1.0
        ]
      ]
    },
    {
      "file_path": "images/train_0004.png",
      "transform_matrix": [
        [
          -0.0466967497,
          0.0,
          0.9989091118,
          2.6511714361
        ],
        [
          0.9989091118,
          0.0,
          0.0466967497,
          0.1239362896
        ],
        [
          -0.0,
          1.0,
          -0.0,
          0.0
        ],
        [
          0.0,
          0.0,
          0.0,
          1.0
        ]
      ]
    },
    {
      "file_path": "images/train_0005.png",
      "transform_matrix": [
        [
          -0.059032837,
          0.0,
          0.9982560414,
          2.6494381438
        ],
        [
          0.9982560414,
          0.0,
          0.059032837,
          0.1566770884
        ],
        [
          -0.0,
          1.0,
          -0.0,
          0.0
        ],
        [
          0.0,
          0.0,
          0.0,
          1.0
        ]
      ]
    },
    {
      "file_path": "images/train_0006.png",
      "transform_matrix": [
        [
          -0.0710918175,
          0.0,
          0.9974697757,
          2.6473513423
        ],
        [
          0.9974697757,
          0.0,
          0.0710918175,
          0.1886824272
        ],
        [
          -0.0,
          1.0,
          -0.0,
          0.0
        ],
        [
          0.0,
          0.0,
          0.0,
          1.0
        ]
      ]
    },
    {
      "file_path": "images/train_0007.png",
      "transform_matrix": [
        [
          -0.0834204377,
          0.0,
          0.9965144407,
          2.6448158194
        ],
        [
          0.9965144407,
          0.0,
          0.0834204377,
          0.2214034081
        ],
        [
          -0.0,
          1.0,
          -0.0,
          0.0
        ],
        [
          0.0,
          0.0,
          0.0,
          1.0
        ]
      ]
    },
    {
      "file_path": "images/train_0008.png",
      "transform_matrix": [
        [
          -0.0954479045,
          0.0,
          0.9954344265,
          2.6419493897
        ],
        [
          0.9954344265,
          0.0,
          0.0954479045,
          0.2533251075
        ],
        [
          -0.0,
          1.0,
          -0.0,
          0.0
        ],
        [
          0.0,
          0.0,
          0.0,
          1.0
        ]
      ]
    },
    {
      "file_path": "images/train_0009.png",
      "transform_matrix": [
        [
          -0.1078622801,
          0.0,
          0.9941658456,
          2.6385824912
        ],
        [
          0.9941658456,
          0.0,
          0.1078622801,
          0.2862736887
        ],
        [
          -0.0,
          1.0,
          -0.0,
          0.0
        ],
        [
          0.0,
          0.0,
          0.0,
          1.0
        ]
      ]
    },
    {
      "file_path": "images/train_0010.png",
      "transform_matrix": [
        [
          -0.1197452419,
          0.0,
          0.992804652,
          2.6349697926
        ],
        [
          0.992804652,
          0.0,
          0.1197452419,
          0.3178118622
        ],
        [
          -0.0,
          1.0,
          -0.0,
          0.0
        ],
        [
          0.0,
          0.0,
          0.0,
          1.0
        ]
      ]
    },
    {
      "file_path": "images/train_0011.png",
      "transform_matrix": [
        [
          -0.1321318294,
          0.0,
          0.9912321523,
          2.6307962733
        ],
        [
          0.9912321523,
          0.0,
          0.1321318294,
          0.3506866919
        ],
        [
          -0.0,
          1.0,
          -0.0,
          0.0
        ],
        [
          0.0,
          0.0,
          0.0,
          1.0
        ]
      ]
    },
    {
      "file_path": "images/train_0012.png",
      "transform_matrix": [
        [
          -0.1443700174,
          0.0,
          0.9895237734,
          2.6262621218
        ],
        [
          0.9895237734,
          0.0,
          0.1443700174,
          0.3831676594
        ],
        [
          -0.0,
          1.0,
          -0.0,
          0.0
        ],
        [
          0.0,
          0.0,
          0.0,
          1.0
        ]
      ]
    },
    {
      "file_path": "images/train_0013.png",
      "transform_matrix": [
        [
          -0.1563086234,
          0.0,
          0.9877082637,
          2.6214436381
        ],
        [
          0.9877082637,
          0.0,
          0.1563086234,
          0.4148535163
        ],
        [
          -0.0,
          1.0,
          -0.0,
          0.0
        ],
        [
          0.0,
          0.0,
          0.0,
          1.0
        ]
      ]
    },
    {
      "file_path": "images/train_0014.png",
      "transform_matrix": [
        [
          -0.1686235674,
          0.0,
          0.9856805225,
          2.6160618776
        ],
        [
          0.9856805225,
          0.0,
          0.1686235674,
          0.4475381996
        ],
        [
          -0.0,
          1.0,
          -0.0,
          0.0
        ],
        [
          0.0,
          0.0,
          0.0,
          1.0
        ]
      ]
    },
    {
      "file_path": "images/train_0015.png",
      "transform_matrix": [
        [
          -0.1807989529,
          0.0,
          0.9835200754,
          2.6103279067
        ],
        [
          0.9835200754,
          0.0,
          0.1807989529,
          0.479852485
        ],
        [
          -0.0,
          1.0,
          -0.0,
          0.0
        ],
        [
          0.0,
          0.0,
          0.0,
          1.0
        ]
      ]
    },
    {
      "file_path": "images/train_0016.png",
      "transform_matrix": [
        [
          -0.1926572663,
          0.0,
          0.9812661095,
          2.604345731
        ],
        [
          0.9812661095,
          0.0,
          0.1926572663,
          0.5113252401
        ],
        [
          -0.0,
          1.0,
          -0.0,
          0.0
        ],
        [
          0.0,
          0.0,
          0.0,
          1.0
        ]
      ]
    },
    {
      "file_path": "images/train_0017.png",
      "transform_matrix": [
        [
          -0.2047762286,
          0.0,
          0.9788088149,
          2.5978239072
        ],
        [
          0.9788088149,
          0.0,
          0.2047762286,
          0.5434897746
        ],
        [
          -0.0,
          1.0,
          -0.0,
          0.0
        ],
        [
          0.0,
          0.0,
          0.0,
          1.0
        ]
      ]
    },
    {
      "file_path": "images/train_0018.png",
      "transform_matrix": [
        [
          -0.216584448,
          0.0,
          0.9762638869,
          2.5910694984
        ],
        [
          0.9762638869,
          0.0,
          0.216584448,
          0.5748295768
        ],
        [
          -0.0,
          1.0,
          -0.0,
          0.0
        ],
        [
          0.0,
          0.0,
          0.0,
          1.0
        ]
      ]
    },
    {
      "file_path": "images/train_0019.png",
      "transform_matrix": [
        [
          -0.2287484675,
          0.0,
          0.9734855616,
          2.5836956375
        ],
        [
          0.9734855616,
          0.0,
          0.2287484675,
          0.6071136964
        ],
        [
          -0.0,
          1.0,
          -0.0,
          0.0
        ],
        [
          0.0,
          0.0,
          0.0,
          1.0
        ]
      ]
    },
    {
      "file_path": "images/train_0020.png",
      "transform_matrix": [
        [
          -0.2407633794,
          0.0,
          0.9705838424,
          2.5759942812
        ],
        [
          0.9705838424,
          0.0,
          0.2407633794,
          0.6390020742
        ],
        [
          -0.0,
          1.0,
          -0.0,
          0.0
        ],
        [
          0.0,
          0.0,
          0.0,
          1.0
        ]
      ]
    },
    {
      "file_path": "images/train_0021.png",
      "transform_matrix": [
        [
          -0.2524713116,
          0.0,
          0.9676043803,
          2.56808659
        ],
        [
          0.9676043803,
          0.0,
          0.2524713116,
          0.6700757075
        ],
        [
          -0.0,
          1.0,
          -0.0,
          0.0
        ],
        [
          0.0,
          0.0,
          0.0,
          1.0
        ]
      ]
    },
    {
      "file_path": "images/train_0022.png",
      "transform_matrix": [
        [
          -0.2644117193,
          0.0,
          0.9644098935,
          2.5596082089
        ],
        [
          0.9644098935,
          0.0,
          0.2644117193,
          0.7017663462
        ],
        [
          -0.0,
          1.0,
          -0.0,
          0.0
        ],
        [
          0.0,
          0.0,
          0.0,
          1.0
        ]
      ]
    },
    {
      "file_path": "images/train_0023.png",
      "transform_matrix": [
        [
          -0.2760383065,
          0.0,
          0.9611466347,
          2.5509473022
        ],
        [
          0.9611466347,
          0.0,
          0.2760383065,
          0.7326240844
        ],
        [
          -0.0,
          1.0,
          -0.0,
          0.0
        ],
        [
          0.0,
          0.0,
          0.0,
          1.0
        ]
      ]
    },
    {
      "file_path": "images/train_0024.png",
      "transform_matrix": [
        [
          -0.2880090796,
          0.0,
          0.9576276782,
          2.5416077569
        ],
        [
          0.9576276782,
          0.0,
          0.2880090796,
          0.764395315
        ],
        [
          -0.0,
          1.0,
          -0.0,
          0.0
        ],
        [
          0.0,
          0.0,
          0.0,
          1.0
        ]
      ]
    },
    {
      "file_path": "images/train_0025.png",
      "transform_matrix": [
        [
          -0.2998317846,
          0.0,
          0.9539920864,
          2.5319586537
        ],
        [
          0.9539920864,
          0.0,
          0.2998317846,
          0.795773563
        ],
        [
          -0.0,
          1.0,
          -0.0,
          0.0
        ],
        [
          0.0,
          0.0,
          0.0,
          1.0
        ]
      ]
    },
    {
      "file_path": "images/train_0026.png",
      "transform_matrix": [
        [
          -0.3113299875,
          0.0,
          0.9503018672,
          2.5221645658
        ],
        [
          0.9503018672,
          0.0,
          0.3113299875,
          0.8262905608
        ],
        [
          -0.0,
          1.0,
          -0.0,
          0.0
        ],
        [
          0.0,
          0.0,
          0.0,
          1.0
        ]
      ]
    },
    {
      "file_path": "images/train_0027.png",
      "transform_matrix": [
        [
          -0.3230536898,
          0.0,
          0.9463806388,
          2.5117573638
        ],
        [
          0.9463806388,
          0.0,
          0.3230536898,
          0.857406049
        ],
        [
          -0.0,
          1.0,
          -0.0,
          0.0
        ],
        [
          0.0,
          0.0,
          0.0,
          1.0
        ]
      ]
    },
    {
      "file_path": "images/train_0028.png",
      "transform_matrix": [
        [
          -0.3344582865,
          0.0,
          0.9424105552,
          2.5012204972
        ],
        [
          0.9424105552,
          0.0,
          0.3344582865,
          0.8876746095
        ],
        [
          -0.0,
          1.0,
          -0.0,
          0.0
        ],
        [
          0.0,
          0.0,
          0.0,
          1.0
        ]
      ]
    },
    {
      "file_path": "images/train_0029.png",
      "transform_matrix": [
        [
          -0.3461923788,
          0.0,
          0.9381635448,
          2.4899486482
        ],
        [
          0.9381635448,
          0.0,
          0.3461923788,
          0.9188176734
        ],
        [
          -0.0,
          1.0,
          -0.0,
          0.0
        ],
        [
          0.0,
          0.0,
          0.0,
          1.0
        ]
      ]
    },
    {
      "file_path": "images/train_0030.png",
      "transform_matrix": [
        [
          -0.3577633651,
          0.0,
          0.9338122802,
          2.4784001014
        ],
        [
          0.9338122802,
          0.0,
          0.3577633651,
          0.9495278433
        ],
        [
          -0.0,
          1.0,
          -0.0,
          0.0
        ],
        [
          0.0,
          0.0,
          0.0,
          1.0
        ]
      ]
    },
    {
      "file_path": "images/train_0031.png",
      "transform_matrix": [
        [
          -0.36901366,
          0.0,
          0.9294239715,
          2.4667532373
        ],
        [
          0.9294239715,
          0.0,
          0.36901366,
          0.9793868765
        ],
        [
          -0.0,
          1.0,
          -0.0,
          0.0
        ],
        [
          0.0,
          0.0,
          0.0,
          1.0
        ]
      ]
    },
    {
      "file_path": "images/train_0032.png",
      "transform_matrix": [
        [
          -0.3805878469,
          0.0,
          0.9247447706,
          2.454334326
        ],
        [
          0.9247447706,
          0.0,
          0.3805878469,
          1.010105541
        ],
        [
          -0.0,
          1.0,
          -0.0,
          0.0
        ],
        [
          0.0,
          0.0,
          0.0,
          1.0
        ]
      ]
    },
    {
      "file_path": "images/train_0033.png",
      "transform_matrix": [
        [
          -0.3916177814,
          0.0,
          0.9201279874,
          2.4420810754
        ],
        [
          0.9201279874,
          0.0,
          0.3916177814,
          1.0393797231
        ],
        [
          -0.0,
          1.0,
          -0.0,
          0.0
        ],
        [
          0.0,
          0.0,
          0.0,
          1.0
        ]
      ]
    },
    {
      "file_path": "images/train_0034.png",
      "transform_matrix": [
        [
          -0.4030741557,
          0.0,
          0.9151673208,
          2.4289151351
        ],
        [
          0.9151673208,
          0.0,
          0.4030741557,
          1.0697857048
        ],
        [
          -0.0,
          1.0,
          -0.0,
          0.0
        ],
        [
          0.0,
          0.0,
          0.0,
          1.0
        ]
      ]
    },
    {
      "file_path": "images/train_0035.png",
      "transform_matrix": [
        [
          -0.4143565197,
          0.0,
          0.9101146491,
          2.4155050074
        ],
        [
          0.9101146491,
          0.0,
          0.4143565197,
          1.0997298517
        ],
        [
          -0.0,
          1.0,
          -0.0,
          0.0
        ],
        [
          0.0,
          0.0,
          0.0,
          1.0
        ]
      ]
    },
    {
      "file_path": "images/train_0036.png",
      "transform_matrix": [
        [
          -0.4253117853,
          0.0,
          0.9050468967,
          2.4020548544
        ],
        [
          0.9050468967,
          0.0,
          0.4253117853,
          1.1288058577
        ],
        [
          -0.0,
          1.0,
          -0.0,
          0.0
        ],
        [
          0.0,
          0.0,
          0.0,
          1.0
        ]
      ]
    },
    {
      "file_path": "images/train_0037.png",
      "transform_matrix": [
        [
          -0.4365772613,
          0.0,
          0.8996667688,
          2.3877756359
        ],
        [
          0.8996667688,
          0.0,
          0.4365772613,
          1.1587051826
        ],
        [
          -0.0,
          1.0,
          -0.0,
          0.0
        ],
        [
          0.0,
          0.0,
          0.0,
          1.0
        ]
      ]
    },
    {
      "file_path": "images/train_0038.png",
      "transform_matrix": [
        [
          -0.4473064584,
          0.0,
          0.8943807535,
          2.3737461986
        ],
        [
          0.8943807535,
          0.0,
          0.4473064584,
          1.1871811876
        ],
        [
          -0.0,
          1.0,
          -0.0,
          0.0
        ],
        [
          0.0,
          0.0,
          0.0,
          1.0
        ]
      ]
    },
    {
      "file_path": "images/train_0039.png",
      "transform_matrix": [
        [
          -0.4584262061,
          0.0,
          0.8887324758,
          2.3587552926
        ],
        [
          0.8887324758,
          0.0,
          0.4584262061,
          1.2166937402
        ],
        [
          -0.0,
          1.0,
          -0.0,
          0.0
        ],
        [
          0.0,
          0.0,
          0.0,
          1.0
        ]
      ]
    },
    {
      "file_path": "images/train_0040.png",
      "transform_matrix": [
        [
          -0.4693852626,
          0.0,
          0.8829934741,
          2.3435235991
        ],
        [
          0.8829934741,
          0.0,
          0.4693852626,
          1.2457798074
        ],
        [
          -0.0,
          1.0,
          -0.0,
          0.0
        ],
        [
          0.0,
          0.0,
          0.0,
          1.0
        ]
      ]
    },
    {
      "file_path": "images/train_0041.png",
      "transform_matrix": [
        [
          -0.4800137492,
          0.0,
          0.8772609649,
          2.3283091373
        ],
        [
          0.8772609649,
          0.0,
          0.4800137492,
          1.2739885199
        ],
        [
          -0.0,
          1.0,
          -0.0,
          0.0
        ],
        [
          0.0,
          0.0,
          0.0,
          1.0
        ]
      ]
    },
    {
      "file_path": "images/train_0042.png",
      "transform_matrix": [
        [
          -0.4909250412,
          0.0,
          0.8712018158,
          2.3122277513
        ],
        [
          0.8712018158,
          0.0,
          0.4909250412,
          1.3029478171
        ],
        [
          -0.0,
          1.0,
          -0.0,
          0.0
        ],
        [
          0.0,
          0.0,
          0.0,
          1.0
        ]
      ]
    },
    {
      "file_path": "images/train_0043.png",
      "transform_matrix": [
        [
          -0.5013053666,
          0.0,
          0.8652704372,
          2.2964854766
        ],
        [
          0.8652704372,
          0.0,
          0.5013053666,
          1.3304978931
        ],
        [
          -0.0,
          1.0,
          -0.0,
          0.0
        ],
        [
          0.0,
          0.0,
          0.0,
          1.0
        ]
      ]
    },
    {
      "file_path": "images/train_0044.png",
      "transform_matrix": [
        [
          -0.5120653522,
          0.0,
          0.8589464914,
          2.2797013025
        ],
        [
          0.8589464914,
          0.0,
          0.5120653522,
          1.359055613
        ],
        [
          -0.0,
          1.0,
          -0.0,
          0.0
        ],
        [
          0.0,
          0.0,
          0.0,
          1.0
        ]
      ]
    },
    {
      "file_path": "images/train_0045.png",
      "transform_matrix": [
        [
          -0.5226473705,
          0.0,
          0.8525489582,
          2.2627218224
        ],
        [
          0.8525489582,
          0.0,
          0.5226473705,
          1.3871409957
        ],
        [
          -0.0,
          1.0,
          -0.0,
          0.0
        ],
        [
          0.0,
          0.0,
          0.0,
          1.0
        ]
      ]
    },
    {
      "file_path": "images/train_0046.png",
      "transform_matrix": [
        [
          -0.5329043366,
          0.0,
          0.8461754948,
          2.2458062254
        ],
        [
          0.8461754948,
          0.0,
          0.5329043366,
          1.4143636681
        ],
        [
          -0.0,
          1.0,
          -0.0,
          0.0
        ],
        [
          0.0,
          0.0,
          0.0,
          1.0
        ]
      ]
    },
    {
      "file_path": "images/train_0047.png",
      "transform_matrix": [
        [
          -0.543420616,
          0.0,
          0.8394605614,
          2.227984344
        ],
        [
          0.8394605614,
          0.0,
          0.543420616,
          1.4422745753
        ],
        [
          -0.0,
          1.0,
          -0.0,
          0.0
        ],
        [
          0.0,
          0.0,
          0.0,
          1.0
        ]
      ]
    },
    {
      "file_path": "images/train_0048.png",
      "transform_matrix": [
        [
          -0.553422077,
          0.0,
          0.8329009573,
          2.2105747171
        ],
        [
          0.8329009573,
          0.0,
          0.553422077,
          1.4688191203
        ],
        [
          -0.0,
          1.0,
          -0.0,
          0.0
        ],
        [
          0.0,
          0.0,
          0.0,
          1.0
        ]
      ]
    },
    {
      "file_path": "images/train_0049.png",
      "transform_matrix": [
        [
          -0.5637725739,
          0.0,
          0.8259300726,
          2.192073524
        ],
        [
          0.8259300726,
          0.0,
          0.5637725739,
          1.4962900297
        ],
        [
          -0.0,
          1.0,
          -0.0,
          0.0
        ],
        [
          0.0,
          0.0,
          0.0,
          1.0
        ]
      ]
    },
    {
      "file_path": "images/train_0050.png",
      "transform_matrix": [
        [
          -0.5739395212,
          0.0,
          0.8188976896,
          2.1734091101
        ],
        [
          0.8188976896,
          0.0,
          0.5739395212,
          1.5232737862
        ],
        [
          -0.0,
          1.0,
          -0.0,
          0.0
        ],
        [
          0.0,
          0.0,
          0.0,
          1.0
        ]
      ]
    },
    {
      "file_path": "images/train_0051.png",
      "transform_matrix": [
        [
          -0.5837892209,
          0.0,
          0.8119052565,
          2.1548507262
        ],
        [
          0.8119052565,
          0.0,
          0.5837892209,
          1.5494155465
        ],
        [
          -0.0,
          1.0,
          -0.0,
          0.0
        ],
        [
          0.0,
          0.0,
          0.0,
          1.0
        ]
      ]
    },
    {
      "file_path": "images/train_0052.png",
      "transform_matrix": [
        [
          -0.5938767569,
          0.0,
          0.8045560252,
          2.1353453759
        ],
        [
          0.8045560252,
          0.0,
          0.5938767569,
          1.5761885399
        ],
        [
          -0.0,
          1.0,
          -0.0,
          0.0
        ],
        [
          0.0,
          0.0,
          0.0,
          1.0
        ]
      ]
    },
    {
      "file_path": "images/train_0053.png",
      "transform_matrix": [
        [
          -0.6034543512,
          0.0,
          0.7973975458,
          2.1163462939
        ],
        [
          0.7973975458,
          0.0,
          0.6034543512,
          1.6016081144
        ],
        [
          -0.0,
          1.0,
          -0.0,
          0.0
        ],
        [
          0.0,
          0.0,
          0.0,
          1.0
        ]
      ]
    },
    {
      "file_path": "images/train_0054.png",
      "transform_matrix": [
        [
          -0.6133592917,
          0.0,
          0.7898040132,
          2.0961925519
        ],
        [
          0.7898040132,
          0.0,
          0.6133592917,
          1.6278964873
        ],
        [
          -0.0,
          1.0,
          -0.0,
          0.0
        ],
        [
          0.0,
          0.0,
          0.0,
          1.0
        ]
      ]
    },
    {
      "file_path": "images/train_0055.png",
      "transform_matrix": [
        [
          -0.6230785952,
          0.0,
          0.782159232,
          2.0759027922
        ],
        [
          0.782159232,
          0.0,
          0.6230785952,
          1.6536921675
        ],
        [
          -0.0,
          1.0,
          -0.0,
          0.0
        ],
        [
          0.0,
          0.0,
          0.0,
          1.0
        ]
      ]
    },
    {
      "file_path": "images/train_0056.png",
      "transform_matrix": [
        [
          -0.6324741819,
          0.0,
          0.7745814413,
          2.0557908302
        ],
        [
          0.7745814413,
          0.0,
          0.6324741819,
          1.6786286814
        ],
        [
          -0.0,
          1.0,
          -0.0,
          0.0
        ],
        [
          0.0,
          0.0,
          0.0,
          1.0
        ]
      ]
    },
    {
      "file_path": "images/train_0057.png",
      "transform_matrix": [
        [
          -0.6420921052,
          0.0,
          0.7666275031,
          2.0346805474
        ],
        [
          0.7666275031,
          0.0,
          0.6420921052,
          1.7041552916
        ],
        [
          -0.0,
          1.0,
          -0.0,
          0.0
        ],
        [
          0.0,
          0.0,
          0.0,
          1.0
        ]
      ]
    },
    {
      "file_path": "images/train_0058.png",
      "transform_matrix": [
        [
          -0.6512153917,
          0.0,
          0.7588929526,
          2.0141525344
        ],
        [
          0.7588929526,
          0.0,
          0.6512153917,
          1.7283691029
        ],
        [
          -0.0,
          1.0,
          -0.0,
          0.0
        ],
        [
          0.0,
          0.0,
          0.0,
          1.0
        ]
      ]
    },
    {
      "file_path": "images/train_0059.png",
      "transform_matrix": [
        [
          -0.6606321241,
          0.0,
          0.7507097952,
          1.9924338886
        ],
        [
          0.7507097952,
          0.0,
          0.6606321241,
          1.7533617389
        ],
        [
          -0.0,
          1.0,
          -0.0,
          0.0
        ],
        [
          0.0,
          0.0,
          0.0,
          1.0
        ]
      ]
    },
    {
      "file_path": "images/train_0060.png",
      "transform_matrix": [
        [
          -0.6698644001,
          0.0,
          0.7424834581,
          1.9706006409
        ],
        [
          0.7424834581,
          0.0,
          0.6698644001,
          1.7778648154
        ],
        [
          -0.0,
          1.0,
          -0.0,
          0.0
        ],
        [
          0.0,
          0.0,
          0.0,
          1.0
        ]
      ]
    },
    {
      "file_path": "images/train_0061.png",
      "transform_matrix": [
        [
          -0.6787853658,
          0.0,
          0.734336726,
          1.9489786705
        ],
        [
          0.734336726,
          0.0,
          0.6787853658,
          1.8015416536
        ],
        [
          -0.0,
          1.0,
          -0.0,
          0.0
        ],
        [
          0.0,
          0.0,
          0.0,
          1.0
        ]
      ]
    },
    {
      "file_path": "images/train_0062.png",
      "transform_matrix": [
        [
          -0.6878974069,
          0.0,
          0.7258079343,
          1.9263426882
        ],
        [
          0.7258079343,
          0.0,
          0.6878974069,
          1.8257256188
        ],
        [
          -0.0,
          1.0,
          -0.0,
          0.0
        ],
        [
          0.0,
          0.0,
          0.0,
          1.0
        ]
      ]
    },
    {
      "file_path": "images/train_0063.png",
      "transform_matrix": [
        [
          -0.6965254394,
          0.0,
          0.7175320984,
          1.9043780674
        ],
        [
          0.7175320984,
          0.0,
          0.6965254394,
          1.8486249929
        ],
        [
          -0.0,
          1.0,
          -0.0,
          0.0
        ],
        [
          0.0,
          0.0,
          0.0,
          1.0
        ]
      ]
    },
    {
      "file_path": "images/train_0064.png",
      "transform_matrix": [
        [
          -0.7054263683,
          0.0,
          0.7087832101,
          1.881157934
        ],
        [
          0.7087832101,
          0.0,
          0.7054263683,
          1.872248652
        ],
        [
          -0.0,
          1.0,
          -0.0,
          0.0
        ],
        [
          0.0,
          0.0,
          0.0,
          1.0
        ]
      ]
    },
    {
      "file_path": "images/train_0065.png",
      "transform_matrix": [
        [
          -0.7141367831,
          0.0,
          0.7000061822,
          1.8578631163
        ],
        [
          0.7000061822,
          0.0,
          0.7141367831,
          1.8953666739
        ],
        [
          -0.0,
          1.0,
          -0.0,
          0.0
        ],
        [
          0.0,
          0.0,
          0.0,
          1.0
        ]
      ]
    },
    {
      "file_path": "images/train_0066.png",
      "transform_matrix": [
        [
          -0.7225377354,
          0.0,
          0.6913314841,
          1.8348398887
        ],
        [
          0.6913314841,
          0.0,
          0.7225377354,
          1.9176633621
        ],
        [
          -0.0,
          1.0,
          -0.0,
          0.0
        ],
        [
          0.0,
          0.0,
          0.0,
          1.0
        ]
      ]
    },
    {
      "file_path": "images/train_0067.png",
      "transform_matrix": [
        [
          -0.7311096409,
          0.0,
          0.6822599893,
          1.8107635362
        ],
        [
          0.6822599893,
          0.0,
          0.7311096409,
          1.9404137712
        ],
        [
          -0.0,
          1.0,
          -0.0,
          0.0
        ],
        [
          0.0,
          0.0,
          0.0,
          1.0
        ]
      ]
    },
    {
      "file_path": "images/train_0068.png",
      "transform_matrix": [
        [
          -0.7392151354,
          0.0,
          0.6734693635,
          1.787432629
        ],
        [
          0.6734693635,
          0.0,
          0.7392151354,
          1.9619262944
        ],
        [
          -0.0,
          1.0,
          -0.0,
          0.0
        ],
        [
          0.0,
          0.0,
          0.0,
          1.0
        ]
      ]
    },
    {
      "file_path": "images/train_0069.png",
      "transform_matrix": [
        [
          -0.7475616541,
          0.0,
          0.664192422,
          1.762811007
        ],
        [
          0.664192422,
          0.0,
          0.7475616541,
          1.9840785119
        ],
        [
          -0.0,
          1.0,
          -0.0,
          0.0
        ],
        [
          0.0,
          0.0,
          0.0,
          1.0
        ]
      ]
    },
    {
      "file_path": "images/train_0070.png",
      "transform_matrix": [
        [
          -0.755717467,
          0.0,
          0.654897786,
          1.7381424229
        ],
        [
          0.654897786,
          0.0,
          0.755717467,
          2.0057245837
        ],
        [
          -0.0,
          1.0,
          -0.0,
          0.0
        ],
        [
          0.0,
          0.0,
          0.0,
          1.0
        ]
      ]
    },
    {
      "file_path": "images/train_0071.png",
      "transform_matrix": [
        [
          -0.7635740559,
          0.0,
          0.6457202654,
          1.713784671
        ],
        [
          0.6457202654,
          0.0,
          0.7635740559,
          2.0265764947
        ],
        [
          -0.0,
          1.0,
          -0.0,
          0.0
        ],
        [
          0.0,
          0.0,
          0.0,
          1.0
        ]
      ]
    },
    {
      "file_path": "images/train_0072.png",
      "transform_matrix": [
        [
          -0.771564631,
          0.0,
          0.6361509414,
          1.6883870464
        ],
        [
          0.6361509414,
          0.0,
          0.771564631,
          2.0477840143
        ],
        [
          -0.0,
          1.0,
          -0.0,
          0.0
        ],
        [
          0.0,
          0.0,
          0.0,
          1.0
        ]
      ]
    },
    {
      "file_path": "images/train_0073.png",
      "transform_matrix": [
        [
          -0.7791213797,
          0.0,
          0.6268730938,
          1.6637630199
        ],
        [
          0.6268730938,
          0.0,
          0.7791213797,
          2.0678401295
        ],
        [
          -0.0,
          1.0,
          -0.0,
          0.0
        ],
        [
          0.0,
          0.0,
          0.0,
          1.0
        ]
      ]
    },
    {
      "file_path": "images/train_0074.png",
      "transform_matrix": [
        [
          -0.7868844036,
          0.0,
          0.6171004257,
          1.6378257067
        ],
        [
          0.6171004257,
          0.0,
          0.7868844036,
          2.088443713
        ],
        [
          -0.0,
          1.0,
          -0.0,
          0.0
        ],
        [
          0.0,
          0.0,
          0.0,
          1.0
        ]
      ]
    },
    {
      "file_path": "images/train_0075.png",
      "transform_matrix": [
        [
          -0.7944517215,
          0.0,
          0.6073273106,
          1.6118872069
        ],
        [
          0.6073273106,
          0.0,
          0.7944517215,
          2.1085278798
        ],
        [
          -0.0,
          1.0,
          -0.0,
          0.0
        ],
        [
          0.0,
          0.0,
          0.0,
          1.0
        ]
      ]
    },
    {
      "file_path": "images/train_0076.png",
      "transform_matrix": [
        [
          -0.8017276612,
          0.0,
          0.5976895157,
          1.5863078563
        ],
        [
          0.5976895157,
          0.0,
          0.8017276612,
          2.1278387093
        ],
        [
          -0.0,
          1.0,
          -0.0,
          0.0
        ],
        [
          0.0,
          0.0,
          0.0,
          1.0
        ]
      ]
    },
    {
      "file_path": "images/train_0077.png",
      "transform_matrix": [
        [
          -0.8091267493,
          0.0,
          0.5876341579,
          1.5596202658
        ],
        [
          0.5876341579,
          0.0,
          0.8091267493,
          2.1474763827
        ],
        [
          -0.0,
          1.0,
          -0.0,
          0.0
        ],
        [
          0.0,
          0.0,
          0.0,
          1.0
        ]
      ]
    },
    {
      "file_path": "images/train_0078.png",
      "transform_matrix": [
        [
          -0.8160952287,
          0.0,
          0.5779174488,
          1.5338314715
        ],
        [
          0.5779174488,
          0.0,
          0.8160952287,
          2.165971192
        ],
        [
          -0.0,
          1.0,
          -0.0,
          0.0
        ],
        [
          0.0,
          0.0,
          0.0,
          1.0
        ]
      ]
    },
    {
      "file_path": "images/train_0079.png",
      "transform_matrix": [
        [
          -0.8232443807,
          0.0,
          0.5676871406,
          1.5066795508
        ],
        [
          0.5676871406,
          0.0,
          0.8232443807,
          2.1849455185
        ],
        [
          -0.0,
          1.0,
          -0.0,
          0.0
        ],
        [
          0.0,
          0.0,
          0.0,
          1.0
        ]
      ]
    },
    {
      "file_path": "images/train_0080.png",
      "transform_matrix": [
        [
          -0.8301981677,
          0.0,
          0.5574683869,
          1.4795582965
        ],
        [
          0.5574683869,
          0.0,
          0.8301981677,
          2.2034013331
        ],
        [
          -0.0,
          1.0,
          -0.0,
          0.0
        ],
        [
          0.0,
          0.0,
          0.0,
          1.0
        ]
      ]
    },
    {
      "file_path": "images/train_0081.png",
      "transform_matrix": [
        [
          -0.8368722888,
          0.0,
          0.5473981843,
          1.4528313071
        ],
        [
          0.5473981843,
          0.0,
          0.8368722888,
          2.2211148959
        ],
        [
          -0.0,
          1.0,
          -0.0,
          0.0
        ],
        [
          0.0,
          0.0,
          0.0,
          1.0
        ]
      ]
    },
    {
      "file_path": "images/train_0082.png",
      "transform_matrix": [
        [
          -0.8436389262,
          0.0,
          0.5369109444,
          1.4249974726
        ],
        [
          0.5369109444,
          0.0,
          0.8436389262,
          2.2390740029
        ],
        [
          -0.0,
          1.0,
          -0.0,
          0.0
        ],
        [
          0.0,
          0.0,
          0.0,
          1.0
        ]
      ]
    },
    {
      "file_path": "images/train_0083.png",
      "transform_matrix": [
        [
          -0.8499956844,
          0.0,
          0.5267896511,
          1.3981348846
        ],
        [
          0.5267896511,
          0.0,
          0.8499956844,
          2.2559452635
        ],
        [
          -0.0,
          1.0,
          -0.0,
          0.0
        ],
        [
          0.0,
          0.0,
          0.0,
          1.0
        ]
      ]
    },
    {
      "file_path": "images/train_0084.png",
      "transform_matrix": [
        [
          -0.856505896,
          0.0,
          0.5161372396,
          1.3698626739
        ],
        [
          0.5161372396,
          0.0,
          0.856505896,
          2.2732237995
        ],
        [
          -0.0,
          1.0,
          -0.0,
          0.0
        ],
        [
          0.0,
          0.0,
          0.0,
          1.0
        ]
      ]
    },
    {
      "file_path": "images/train_0085.png",
      "transform_matrix": [
        [
          -0.8628288026,
          0.0,
          0.5054962487,
          1.341620774
        ],
        [
          0.5054962487,
          0.0,
          0.8628288026,
          2.2900052154
        ],
        [
          -0.0,
          1.0,
          -0.0,
          0.0
        ],
        [
          0.0,
          0.0,
          0.0,
          1.0
        ]
      ]
    },
    {
