{
  "camera_angle_x": 0.7853981633974483,
  "fl_x": 2414.213562373095,
  "fl_y": 2414.213562373095,
  "w": 2000,
  "h": 2000,
  "cx": 1000,
  "cy": 1000,
  "frames": [
    {
      "file_path": "pics_kelvin4/out0.png",
      "transform_matrix": [
        [
          0,
          -6.123233995736757e-17,
          1,
          3
        ],
        [
          1,
          0,
          0,
          0
        ],
        [
          0,
          1,
          6.123233995736757e-17,
          1.8369701987210272e-16
        ],
        [
          0,
          0,
          0,
          1
        ]
      ]
    },
    {
      "file_path": "pics_kelvin4/out1.png",
      "transform_matrix": [
        [
          -0.3826834323650898,
          -5.657130561438495e-17,
          0.9238795325112867,
          2.77163859753386
        ],
        [
          0.9238795325112867,
          -2.3432602026631462e-17,
          0.3826834323650898,
          1.148050297095269
        ],
        [
          -3.0814879110195774e-33,
          1,
          6.123233995736759e-17,
          1.8369701987210272e-16
        ],
        [
          0,
          0,
          0,
          1
        ]
      ]
    },
    {
      "file_path": "pics_kelvin4/out2.png",
      "transform_matrix": [
        [
          -0.7071067811865475,
          -4.329780281177461e-17,
          0.7071067811865476,
          2.121320343559643
        ],
        [
          0.7071067811865476,
          -4.32978028117746e-17,
          0.7071067811865475,
          2.1213203435596424
        ],
        [
          0,
          1,
          6.123233995736757e-17,
          1.8369701987210272e-16
        ],
        [
          0,
          0,
          0,
          1
        ]
      ]
    },
    {
      "file_path": "pics_kelvin4/out3.png",
      "transform_matrix": [
        [
          -0.9238795325112867,
          -2.343260202663147e-17,
          0.3826834323650899,
          1.1480502970952697
        ],
        [
          0.3826834323650899,
          -5.657130561438495e-17,
          0.9238795325112867,
          2.77163859753386
        ],
        [
          0,
          1,
          6.12323399573676e-17,
          1.8369701987210277e-16
        ],
        [
          0,
          0,
          0,
          1
        ]
      ]
    },
    {
      "file_path": "pics_kelvin4/out4.png",
      "transform_matrix": [
        [
          -1,
          -3.749399456654634e-33,
          6.123233995736757e-17,
          1.8369701987210272e-16
        ],
        [
          6.123233995736757e-17,
          -6.123233995736757e-17,
          1,
          3
        ],
        [
          0,
          1,
          6.123233995736757e-17,
          1.8369701987210272e-16
        ],
        [
          0,
          0,
          0,
          1
        ]
      ]
    },
    {
      "file_path": "pics_kelvin4/out5.png",
      "transform_matrix": [
        [
          -0.9238795325112867,
          2.3432602026631462e-17,
          -0.3826834323650898,
          -1.148050297095269
        ],
        [
          -0.3826834323650898,
          -5.657130561438495e-17,
          0.9238795325112867,
          2.77163859753386
        ],
        [
          -3.0814879110195774e-33,
          1,
          6.123233995736759e-17,
          1.8369701987210272e-16
        ],
        [
          0,
          0,
          0,
          1
        ]
      ]
    },
    {
      "file_path": "pics_kelvin4/out6.png",
      "transform_matrix": [
        [
          -0.7071067811865476,
          4.32978028117746e-17,
          -0.7071067811865475,
          -2.1213203435596424
        ],
        [
          -0.7071067811865475,
          -4.329780281177461e-17,
          0.7071067811865476,
          2.121320343559643
        ],
        [
          0,
          1,
          6.123233995736757e-17,
          1.8369701987210272e-16
        ],
        [
          0,
          0,
          0,
          1
        ]
      ]
    },
    {
      "file_path": "pics_kelvin4/out7.png",
      "transform_matrix": [
        [
          -0.3826834323650899,
          5.657130561438495e-17,
          -0.9238795325112867,
          -2.77163859753386
        ],
        [
          -0.9238795325112867,
          -2.343260202663147e-17,
          0.3826834323650899,
          1.1480502970952697
        ],
        [
          0,
          1,
          6.12323399573676e-17,
          1.8369701987210277e-16
        ],
        [
          0,
          0,
          0,
          1
        ]
      ]
    },
    {
      "file_path": "pics_kelvin4/out8.png",
      "transform_matrix": [
        [
          -1.2246467991473515e-16,
          6.123233995736757e-17,
          -1,
          -3
        ],
        [
          -1,
          -7.498798913309268e-33,
          1.2246467991473515e-16,
          3.6739403974420544e-16
        ],
        [
          0,
          1,
          6.123233995736757e-17,
          1.8369701987210272e-16
        ],
        [
          0,
          0,
          0,
          1
        ]
      ]
    },
    {
      "file_path": "pics_kelvin4/out9.png",
      "transform_matrix": [
        [
          0.3826834323650892,
          5.657130561438495e-17,
          -0.923879532511287,
          -2.771638597533861
        ],
        [
          -0.923879532511287,
          2.3432602026631425e-17,
          -0.3826834323650892,
          -1.1480502970952677
        ],
        [
          0,
          1,
          6.123233995736757e-17,
          1.8369701987210275e-16
        ],
        [
          0,
          0,
          0,
          1
        ]
      ]
    },
    {
      "file_path": "pics_kelvin4/out10.png",
      "transform_matrix": [
        [
          0.7071067811865475,
          4.329780281177461e-17,
          -0.7071067811865476,
          -2.121320343559643
        ],
        [
          -0.7071067811865476,
          4.32978028117746e-17,
          -0.7071067811865475,
          -2.1213203435596424
        ],
        [
          0,
          1,
          6.123233995736757e-17,
          1.8369701987210272e-16
        ],
        [
          0,
          0,
          0,
          1
        ]
      ]
    },
    {
      "file_path": "pics_kelvin4/out11.png",
      "transform_matrix": [
        [
          0.9238795325112867,
          2.3432602026631437e-17,
          -0.38268343236508945,
          -1.1480502970952686
        ],
        [
          -0.38268343236508945,
          5.657130561438494e-17,
          -0.9238795325112867,
          -2.7716385975338604
        ],
        [
          0,
          0.9999999999999998,
          6.123233995736757e-17,
          1.8369701987210272e-16
        ],
        [
          0,
          0,
          0,
          1
        ]
      ]
    },
    {
      "file_path": "pics_kelvin4/out12.png",
      "transform_matrix": [
        [
          1,
          1.12481983699639e-32,
          -1.8369701987210272e-16,
          -5.510910596163082e-16
        ],
        [
          -1.8369701987210272e-16,
          6.123233995736757e-17,
          -1,
          -3
        ],
        [
          0,
          1,
          6.123233995736757e-17,
          1.8369701987210272e-16
        ],
        [
          0,
          0,
          0,
          1
        ]
      ]
    },
    {
      "file_path": "pics_kelvin4/out13.png",
      "transform_matrix": [
        [
          0.9238795325112864,
          -2.3432602026631465e-17,
          0.38268343236509,
          1.14805029709527
        ],
        [
          0.3826834323650899,
          5.657130561438491e-17,
          -0.9238795325112866,
          -2.7716385975338595
        ],
        [
          3.081487911019576e-33,
          0.9999999999999998,
          6.123233995736757e-17,
          1.836970198721027e-16
        ],
        [
          0,
          0,
          0,
          1
        ]
      ]
    },
    {
      "file_path": "pics_kelvin4/out14.png",
      "transform_matrix": [
        [
          0.7071067811865476,
          -4.32978028117746e-17,
          0.7071067811865475,
          2.1213203435596424
        ],
        [
          0.7071067811865475,
          4.329780281177461e-17,
          -0.7071067811865476,
          -2.121320343559643
        ],
        [
          0,
          1,
          6.123233995736757e-17,
          1.8369701987210272e-16
        ],
        [
          0,
          0,
          0,
          1
        ]
      ]
    },
    {
      "file_path": "pics_kelvin4/out15.png",
      "transform_matrix": [
        [
          0.3826834323650895,
          -5.657130561438495e-17,
          0.923879532511287,
          2.7716385975338604
        ],
        [
          0.9238795325112867,
          2.343260202663145e-17,
          -0.3826834323650896,
          -1.1480502970952686
        ],
        [
          -3.0814879110195774e-33,
          1,
          6.123233995736759e-17,
          1.8369701987210275e-16
        ],
        [
          0,
          0,
          0,
          1
        ]
      ]
    }
  ]
}