{
  "camera_angle_x": 0.42924824220176344,
  "w": 1000.0,
  "h": 1000.0,
  "cx": 500.0,
  "cy": 500.0,
  "fl_x": 2293.77325,
  "fl_y": 2293.77325,
  "frames": [
    {
      "file_path": "images/train_001.png",
      "transform_matrix": [
        [
          -0.0097963764,
          0.0,
          0.9999520144,
          4.5873263636
        ],
        [
          0.9999520144,
          0.0,
          0.0097963764,
          0.0449413322
        ],
        [
          -0.0,
          1.0,
          -0.0,
          0.0
        ],
        [
          0.0,
          0.0,
          0.0,
          1.0
        ]
      ]
    },
    {
      "file_path": "images/train_002.png",
      "transform_matrix": [
        [
          -0.0221516522,
          0.0,
          0.999754622,
          4.5864208172
        ],
        [
          0.999754622,
          0.0,
          0.0221516522,
          0.1016217344
        ],
        [
          -0.0,
          1.0,
          -0.0,
          0.0
        ],
        [
          0.0,
          0.0,
          0.0,
          1.0
        ]
      ]
    },
    {
      "file_path": "images/train_003.png",
      "transform_matrix": [
        [
          -0.0342314351,
          0.0,
          0.9994139327,
          4.584857889
        ],
        [
          0.9994139327,
          0.0,
          0.0342314351,
          0.1570383001
        ],
        [
          -0.0,
          1.0,
          -0.0,
          0.0
        ],
        [
          0.0,
          0.0,
          0.0,
          1.0
        ]
      ]
    },
    {
      "file_path": "images/train_004.png",
      "transform_matrix": [
        [
          -0.0466967497,
          0.0,
          0.9989091118,
          4.5825419995
        ],
        [
          0.9989091118,
          0.0,
          0.0466967497,
          0.2142235107
        ],
        [
          -0.0,
          1.0,
          -0.0,
          0.0
        ],
        [
          0.0,
          0.0,
          0.0,
          1.0
        ]
      ]
    },
    {
      "file_path": "images/train_005.png",
      "transform_matrix": [
        [
          -0.059032837,
          0.0,
          0.9982560414,
          4.5795460088
        ],
        [
          0.9982560414,
          0.0,
          0.059032837,
          0.2708158847
        ],
        [
          -0.0,
          1.0,
          -0.0,
          0.0
        ],
        [
          0.0,
          0.0,
          0.0,
          1.0
        ]
      ]
    },
    {
      "file_path": "images/train_006.png",
      "transform_matrix": [
        [
          -0.0710918175,
          0.0,
          0.9974697757,
          4.5759389785
        ],
        [
          0.9974697757,
          0.0,
          0.0710918175,
          0.3261370183
        ],
        [
          -0.0,
          1.0,
          -0.0,
          0.0
        ],
        [
          0.0,
          0.0,
          0.0,
          1.0
        ]
      ]
    },
    {
      "file_path": "images/train_007.png",
      "transform_matrix": [
        [
          -0.0834204377,
          0.0,
          0.9965144407,
          4.5715563347
        ],
        [
          0.9965144407,
          0.0,
          0.0834204377,
          0.3826951372
        ],
        [
          -0.0,
          1.0,
          -0.0,
          0.0
        ],
        [
          0.0,
          0.0,
          0.0,
          1.0
        ]
      ]
    },
    {
      "file_path": "images/train_008.png",
      "transform_matrix": [
        [
          -0.0954479045,
          0.0,
          0.9954344265,
          4.5666017194
        ],
        [
          0.9954344265,
          0.0,
          0.0954479045,
          0.4378717003
        ],
        [
          -0.0,
          1.0,
          -0.0,
          0.0
        ],
        [
          0.0,
          0.0,
          0.0,
          1.0
        ]
      ]
    },
    {
      "file_path": "images/train_009.png",
      "transform_matrix": [
        [
          -0.1078622801,
          0.0,
          0.9941658456,
          4.5607820453
        ],
        [
          0.9941658456,
          0.0,
          0.1078622801,
          0.4948232257
        ],
        [
          -0.0,
          1.0,
          -0.0,
          0.0
        ],
        [
          0.0,
          0.0,
          0.0,
          1.0
        ]
      ]
    },
    {
      "file_path": "images/train_010.png",
      "transform_matrix": [
        [
          -0.1197452419,
          0.0,
          0.992804652,
          4.5545375065
        ],
        [
          0.992804652,
          0.0,
          0.1197452419,
          0.5493368654
        ],
        [
          -0.0,
          1.0,
          -0.0,
          0.0
        ],
        [
          0.0,
          0.0,
          0.0,
          1.0
        ]
      ]
    },
    {
      "file_path": "images/train_011.png",
      "transform_matrix": [
        [
          -0.1321318294,
          0.0,
          0.9912321523,
          4.5473235908
        ],
        [
          0.9912321523,
          0.0,
          0.1321318294,
          0.6061609115
        ],
        [
          -0.0,
          1.0,
          -0.0,
          0.0
        ],
        [
          0.0,
          0.0,
          0.0,
          1.0
        ]
      ]
    },
    {
      "file_path": "images/train_012.png",
      "transform_matrix": [
        [
          -0.1443700174,
          0.0,
          0.9895237734,
          4.5394863232
        ],
        [
          0.9895237734,
          0.0,
          0.1443700174,
          0.6623041679
        ],
        [
          -0.0,
          1.0,
          -0.0,
          0.0
        ],
        [
          0.0,
          0.0,
          0.0,
          1.0
        ]
      ]
    },
    {
      "file_path": "images/train_013.png",
      "transform_matrix": [
        [
          -0.1563086234,
          0.0,
          0.9877082637,
          4.5311575884
        ],
        [
          0.9877082637,
          0.0,
          0.1563086234,
          0.717073078
        ],
        [
          -0.0,
          1.0,
          -0.0,
          0.0
        ],
        [
          0.0,
          0.0,
          0.0,
          1.0
        ]
      ]
    },
    {
      "file_path": "images/train_014.png",
      "transform_matrix": [
        [
          -0.1686235674,
          0.0,
          0.9856805225,
          4.5218552313
        ],
        [
          0.9856805225,
          0.0,
          0.1686235674,
          0.7735684565
        ],
        [
          -0.0,
          1.0,
          -0.0,
          0.0
        ],
        [
          0.0,
          0.0,
          0.0,
          1.0
        ]
      ]
    },
    {
      "file_path": "images/train_015.png",
      "transform_matrix": [
        [
          -0.1807989529,
          0.0,
          0.9835200754,
          4.5119440794
        ],
        [
          0.9835200754,
          0.0,
          0.1807989529,
          0.8294236035
        ],
        [
          -0.0,
          1.0,
          -0.0,
          0.0
        ],
        [
          0.0,
          0.0,
          0.0,
          1.0
        ]
      ]
    },
    {
      "file_path": "images/train_016.png",
      "transform_matrix": [
        [
          -0.1926572663,
          0.0,
          0.9812661095,
          4.5016039064
        ],
        [
          0.9812661095,
          0.0,
          0.1926572663,
          0.8838241678
        ],
        [
          -0.0,
          1.0,
          -0.0,
          0.0
        ],
        [
          0.0,
          0.0,
          0.0,
          1.0
        ]
      ]
    },
    {
      "file_path": "images/train_017.png",
      "transform_matrix": [
        [
          -0.2047762286,
          0.0,
          0.9788088149,
          4.4903309532
        ],
        [
          0.9788088149,
          0.0,
          0.2047762286,
          0.9394204707
        ],
        [
          -0.0,
          1.0,
          -0.0,
          0.0
        ],
        [
          0.0,
          0.0,
          0.0,
          1.0
        ]
      ]
    },
    {
      "file_path": "images/train_018.png",
      "transform_matrix": [
        [
          -0.216584448,
          0.0,
          0.9762638869,
          4.4786559775
        ],
        [
          0.9762638869,
          0.0,
          0.216584448,
          0.9935912263
        ],
        [
          -0.0,
          1.0,
          -0.0,
          0.0
        ],
        [
          0.0,
          0.0,
          0.0,
          1.0
        ]
      ]
    },
    {
      "file_path": "images/train_019.png",
      "transform_matrix": [
        [
          -0.2287484675,
          0.0,
          0.9734855616,
          4.4659102808
        ],
        [
          0.9734855616,
          0.0,
          0.2287484675,
          1.0493942316
        ],
        [
          -0.0,
          1.0,
          -0.0,
          0.0
        ],
        [
          0.0,
          0.0,
          0.0,
          1.0
        ]
      ]
    },
    {
      "file_path": "images/train_020.png",
      "transform_matrix": [
        [
          -0.2407633794,
          0.0,
          0.9705838424,
          4.4525985092
        ],
        [
          0.9705838424,
          0.0,
          0.2407633794,
          1.1045131985
        ],
        [
          -0.0,
          1.0,
          -0.0,
          0.0
        ],
        [
          0.0,
          0.0,
          0.0,
          1.0
        ]
      ]
    },
    {
      "file_path": "images/train_021.png",
      "transform_matrix": [
        [
          -0.2524713116,
          0.0,
          0.9676043803,
          4.4389300883
        ],
        [
          0.9676043803,
          0.0,
          0.2524713116,
          1.1582238819
        ],
        [
          -0.0,
          1.0,
          -0.0,
          0.0
        ],
        [
          0.0,
          0.0,
          0.0,
          1.0
        ]
      ]
    },
    {
      "file_path": "images/train_022.png",
      "transform_matrix": [
        [
          -0.2644117193,
          0.0,
          0.9644098935,
          4.4242752316
        ],
        [
          0.9644098935,
          0.0,
          0.2644117193,
          1.2130010573
        ],
        [
          -0.0,
          1.0,
          -0.0,
          0.0
        ],
        [
          0.0,
          0.0,
          0.0,
          1.0
        ]
      ]
    },
    {
      "file_path": "images/train_023.png",
      "transform_matrix": [
        [
          -0.2760383065,
          0.0,
          0.9611466347,
          4.4093048799
        ],
        [
          0.9611466347,
          0.0,
          0.2760383065,
          1.2663385667
        ],
        [
          -0.0,
          1.0,
          -0.0,
          0.0
        ],
        [
          0.0,
          0.0,
          0.0,
          1.0
        ]
      ]
    },
    {
      "file_path": "images/train_024.png",
      "transform_matrix": [
        [
          -0.2880090796,
          0.0,
          0.9576276782,
          4.3931615035
        ],
        [
          0.9576276782,
          0.0,
          0.2880090796,
          1.321255045
        ],
        [
          -0.0,
          1.0,
          -0.0,
          0.0
        ],
        [
          0.0,
          0.0,
          0.0,
          1.0
        ]
      ]
    },
    {
      "file_path": "images/train_025.png",
      "transform_matrix": [
        [
          -0.2998317846,
          0.0,
          0.9539920864,
          4.3764830571
        ],
        [
          0.9539920864,
          0.0,
          0.2998317846,
          1.375492254
        ],
        [
          -0.0,
          1.0,
          -0.0,
          0.0
        ],
        [
          0.0,
          0.0,
          0.0,
          1.0
        ]
      ]
    },
    {
      "file_path": "images/train_026.png",
      "transform_matrix": [
        [
          -0.3113299875,
          0.0,
          0.9503018672,
          4.359554005
        ],
        [
          0.9503018672,
          0.0,
          0.3113299875,
          1.4282407945
        ],
        [
          -0.0,
          1.0,
          -0.0,
          0.0
        ],
        [
          0.0,
          0.0,
          0.0,
          1.0
        ]
      ]
    },
    {
      "file_path": "images/train_027.png",
      "transform_matrix": [
        [
          -0.3230536898,
          0.0,
          0.9463806388,
          4.3415651872
        ],
        [
          0.9463806388,
          0.0,
          0.3230536898,
          1.4820238242
        ],
        [
          -0.0,
          1.0,
          -0.0,
          0.0
        ],
        [
          0.0,
          0.0,
          0.0,
          1.0
        ]
      ]
    },
    {
      "file_path": "images/train_028.png",
      "transform_matrix": [
        [
          -0.3344582865,
          0.0,
          0.9424105552,
          4.3233522442
        ],
        [
          0.9424105552,
          0.0,
          0.3344582865,
          1.5343429415
        ],
        [
          -0.0,
          1.0,
          -0.0,
          0.0
        ],
        [
          0.0,
          0.0,
          0.0,
          1.0
        ]
      ]
    },
    {
      "file_path": "images/train_029.png",
      "transform_matrix": [
        [
          -0.3461923788,
          0.0,
          0.9381635448,
          4.3038688866
        ],
        [
          0.9381635448,
          0.0,
          0.3461923788,
          1.5881736356
        ],
        [
          -0.0,
          1.0,
          -0.0,
          0.0
        ],
        [
          0.0,
          0.0,
          0.0,
          1.0
        ]
      ]
    },
    {
      "file_path": "images/train_030.png",
      "transform_matrix": [
        [
          -0.3577633651,
          0.0,
          0.9338122802,
          4.2839072575
        ],
        [
          0.9338122802,
          0.0,
          0.3577633651,
          1.6412560735
        ],
        [
          -0.0,
          1.0,
          -0.0,
          0.0
        ],
        [
          0.0,
          0.0,
          0.0,
          1.0
        ]
      ]
    },
    {
      "file_path": "images/train_031.png",
      "transform_matrix": [
        [
          -0.36901366,
          0.0,
          0.9294239715,
          4.2637756873
        ],
        [
          0.9294239715,
          0.0,
          0.36901366,
          1.6928673244
        ],
        [
          -0.0,
          1.0,
          -0.0,
          0.0
        ],
        [
          0.0,
          0.0,
          0.0,
          1.0
        ]
      ]
    },
    {
      "file_path": "images/train_032.png",
      "transform_matrix": [
        [
          -0.3805878469,
          0.0,
          0.9247447706,
          4.2423096358
        ],
        [
          0.9247447706,
          0.0,
          0.3805878469,
          1.7459644452
        ],
        [
          -0.0,
          1.0,
          -0.0,
          0.0
        ],
        [
          0.0,
          0.0,
          0.0,
          1.0
        ]
      ]
    },
    {
      "file_path": "images/train_033.png",
      "transform_matrix": [
        [
          -0.3916177814,
          0.0,
          0.9201279874,
          4.2211299284
        ],
        [
          0.9201279874,
          0.0,
          0.3916177814,
          1.7965647825
        ],
        [
          -0.0,
          1.0,
          -0.0,
          0.0
        ],
        [
          0.0,
          0.0,
          0.0,
          1.0
        ]
      ]
    },
    {
      "file_path": "images/train_034.png",
      "transform_matrix": [
        [
          -0.4030741557,
          0.0,
          0.9151673208,
          4.1983726394
        ],
        [
          0.9151673208,
          0.0,
          0.4030741557,
          1.849121432
        ],
        [
          -0.0,
          1.0,
          -0.0,
          0.0
        ],
        [
          0.0,
          0.0,
          0.0,
          1.0
        ]
      ]
    },
    {
      "file_path": "images/train_035.png",
      "transform_matrix": [
        [
          -0.4143565197,
          0.0,
          0.9101146491,
          4.1751932733
        ],
        [
          0.9101146491,
          0.0,
          0.4143565197,
          1.9008798016
        ],
        [
          -0.0,
          1.0,
          -0.0,
          0.0
        ],
        [
          0.0,
          0.0,
          0.0,
          1.0
        ]
      ]
    },
    {
      "file_path": "images/train_036.png",
      "transform_matrix": [
        [
          -0.4253117853,
          0.0,
          0.9050468967,
          4.1519447234
        ],
        [
          0.9050468967,
          0.0,
          0.4253117853,
          1.9511375921
        ],
        [
          -0.0,
          1.0,
          -0.0,
          0.0
        ],
        [
          0.0,
          0.0,
          0.0,
          1.0
        ]
      ]
    },
    {
      "file_path": "images/train_037.png",
      "transform_matrix": [
        [
          -0.4365772613,
          0.0,
          0.8996667688,
          4.1272631365
        ],
        [
          0.8996667688,
          0.0,
          0.4365772613,
          2.0028184869
        ],
        [
          -0.0,
          1.0,
          -0.0,
          0.0
        ],
        [
          0.0,
          0.0,
          0.0,
          1.0
        ]
      ]
    },
    {
      "file_path": "images/train_038.png",
      "transform_matrix": [
        [
          -0.4473064584,
          0.0,
          0.8943807535,
          4.1030132956
        ],
        [
          0.8943807535,
          0.0,
          0.4473064584,
          2.0520391775
        ],
        [
          -0.0,
          1.0,
          -0.0,
          0.0
        ],
        [
          0.0,
          0.0,
          0.0,
          1.0
        ]
      ]
    },
    {
      "file_path": "images/train_039.png",
      "transform_matrix": [
        [
          -0.4584262061,
          0.0,
          0.8887324758,
          4.0771015588
        ],
        [
          0.8887324758,
          0.0,
          0.4584262061,
          2.1030515374
        ],
        [
          -0.0,
          1.0,
          -0.0,
          0.0
        ],
        [
          0.0,
          0.0,
          0.0,
          1.0
        ]
      ]
    },
    {
      "file_path": "images/train_040.png",
      "transform_matrix": [
        [
          -0.4693852626,
          0.0,
          0.8829934741,
          4.0507736214
        ],
        [
          0.8829934741,
          0.0,
          0.4693852626,
          2.1533267187
        ],
        [
          -0.0,
          1.0,
          -0.0,
          0.0
        ],
        [
          0.0,
          0.0,
          0.0,
          1.0
        ]
      ]
    },
    {
      "file_path": "images/train_041.png",
      "transform_matrix": [
        [
          -0.4800137492,
          0.0,
          0.8772609649,
          4.0244754692
        ],
        [
          0.8772609649,
          0.0,
          0.4800137492,
          2.2020853951
        ],
        [
          -0.0,
          1.0,
          -0.0,
          0.0
        ],
        [
          0.0,
          0.0,
          0.0,
          1.0
        ]
      ]
    },
    {
      "file_path": "images/train_042.png",
      "transform_matrix": [
        [
          -0.4909250412,
          0.0,
          0.8712018158,
          3.996678841
        ],
        [
          0.8712018158,
          0.0,
          0.4909250412,
          2.2521414547
        ],
        [
          -0.0,
          1.0,
          -0.0,
          0.0
        ],
        [
          0.0,
          0.0,
          0.0,
          1.0
        ]
      ]
    },
    {
      "file_path": "images/train_043.png",
      "transform_matrix": [
        [
          -0.5013053666,
          0.0,
          0.8652704372,
          3.9694683656
        ],
        [
          0.8652704372,
          0.0,
          0.5013053666,
          2.2997616798
        ],
        [
          -0.0,
          1.0,
          -0.0,
          0.0
        ],
        [
          0.0,
          0.0,
          0.0,
          1.0
        ]
      ]
    },
    {
      "file_path": "images/train_044.png",
      "transform_matrix": [
        [
          -0.5120653522,
          0.0,
          0.8589464914,
          3.9404569702
        ],
        [
          0.8589464914,
          0.0,
          0.5120653522,
          2.3491236143
        ],
        [
          -0.0,
          1.0,
          -0.0,
          0.0
        ],
        [
          0.0,
          0.0,
          0.0,
          1.0
        ]
      ]
    },
    {
      "file_path": "images/train_045.png",
      "transform_matrix": [
        [
          -0.5226473705,
          0.0,
          0.8525489582,
          3.9111079891
        ],
        [
          0.8525489582,
          0.0,
          0.5226473705,
          2.3976691155
        ],
        [
          -0.0,
          1.0,
          -0.0,
          0.0
        ],
        [
          0.0,
          0.0,
          0.0,
          1.0
        ]
      ]
    },
    {
      "file_path": "images/train_046.png",
      "transform_matrix": [
        [
          -0.5329043366,
          0.0,
          0.8461754948,
          3.8818694296
        ],
        [
          0.8461754948,
          0.0,
          0.5329043366,
          2.4447234242
        ],
        [
          -0.0,
          1.0,
          -0.0,
          0.0
        ],
        [
          0.0,
          0.0,
          0.0,
          1.0
        ]
      ]
    },
    {
      "file_path": "images/train_047.png",
      "transform_matrix": [
        [
          -0.543420616,
          0.0,
          0.8394605614,
          3.8510643602
        ],
        [
          0.8394605614,
          0.0,
          0.543420616,
          2.492967345
        ],
        [
          -0.0,
          1.0,
          -0.0,
          0.0
        ],
        [
          0.0,
          0.0,
          0.0,
          1.0
        ]
      ]
    },
    {
      "file_path": "images/train_048.png",
      "transform_matrix": [
        [
          -0.553422077,
          0.0,
          0.8329009573,
          3.8209718715
        ],
        [
          0.8329009573,
          0.0,
          0.553422077,
          2.5388495125
        ],
        [
          -0.0,
          1.0,
          -0.0,
          0.0
        ],
        [
          0.0,
          0.0,
          0.0,
          1.0
        ]
      ]
    },
    {
      "file_path": "images/train_049.png",
      "transform_matrix": [
        [
          -0.5637725739,
          0.0,
          0.8259300726,
          3.7889926139
        ],
        [
          0.8259300726,
          0.0,
          0.5637725739,
          2.5863328984
        ],
        [
          -0.0,
          1.0,
          -0.0,
          0.0
        ],
        [
          0.0,
          0.0,
          0.0,
          1.0
        ]
      ]
    },
    {
      "file_path": "images/train_050.png",
      "transform_matrix": [
        [
          -0.5739395212,
          0.0,
          0.8188976896,
          3.7567312296
        ],
        [
          0.8188976896,
          0.0,
          0.5739395212,
          2.6329742419
        ],
        [
          -0.0,
          1.0,
          -0.0,
          0.0
        ],
        [
          0.0,
          0.0,
          0.0,
          1.0
        ]
      ]
    },
    {
      "file_path": "images/train_051.png",
      "transform_matrix": [
        [
          -0.5837892209,
          0.0,
          0.8119052565,
          3.7246531178
        ],
        [
          0.8119052565,
          0.0,
          0.5837892209,
          2.6781601972
        ],
        [
          -0.0,
          1.0,
          -0.0,
          0.0
        ],
        [
          0.0,
          0.0,
          0.0,
          1.0
        ]
      ]
    },
    {
      "file_path": "images/train_052.png",
      "transform_matrix": [
        [
          -0.5938767569,
          0.0,
          0.8045560252,
          3.6909381774
        ],
        [
          0.8045560252,
          0.0,
          0.5938767569,
          2.7244372373
        ],
        [
          -0.0,
          1.0,
          -0.0,
          0.0
        ],
        [
          0.0,
          0.0,
          0.0,
          1.0
        ]
      ]
    },
    {
      "file_path": "images/train_053.png",
      "transform_matrix": [
        [
          -0.6034543512,
          0.0,
          0.7973975458,
          3.6580983203
        ],
        [
          0.7973975458,
          0.0,
          0.6034543512,
          2.7683748968
        ],
        [
          -0.0,
          1.0,
          -0.0,
          0.0
        ],
        [
          0.0,
          0.0,
          0.0,
          1.0
        ]
      ]
    },
    {
      "file_path": "images/train_054.png",
      "transform_matrix": [
        [
          -0.6133592917,
          0.0,
          0.7898040132,
          3.6232626367
        ],
        [
          0.7898040132,
          0.0,
          0.6133592917,
          2.8138142717
        ],
        [
          -0.0,
          1.0,
          -0.0,
          0.0
        ],
        [
          0.0,
          0.0,
          0.0,
          1.0
        ]
      ]
    },
    {
      "file_path": "images/train_055.png",
      "transform_matrix": [
        [
          -0.6230785952,
          0.0,
          0.782159232,
          3.588191847
        ],
        [
          0.782159232,
          0.0,
          0.6230785952,
          2.8584020288
        ],
        [
          -0.0,
          1.0,
          -0.0,
          0.0
        ],
        [
          0.0,
          0.0,
          0.0,
          1.0
        ]
      ]
    },
    {
      "file_path": "images/train_056.png",
      "transform_matrix": [
        [
          -0.6324741819,
          0.0,
          0.7745814413,
          3.5534283801
        ],
        [
          0.7745814413,
          0.0,
          0.6324741819,
          2.9015047195
        ],
        [
          -0.0,
          1.0,
          -0.0,
          0.0
        ],
        [
          0.0,
          0.0,
          0.0,
          1.0
        ]
      ]
    },
    {
      "file_path": "images/train_057.png",
      "transform_matrix": [
        [
          -0.6420921052,
          0.0,
          0.7666275031,
          3.5169393186
        ],
        [
          0.7666275031,
          0.0,
          0.6420921052,
          2.9456273898
        ],
        [
          -0.0,
          1.0,
          -0.0,
          0.0
        ],
        [
          0.0,
          0.0,
          0.0,
          1.0
        ]
      ]
    },
    {
      "file_path": "images/train_058.png",
      "transform_matrix": [
        [
          -0.6512153917,
          0.0,
          0.7588929526,
          3.4814567087
        ],
        [
          0.7588929526,
          0.0,
          0.6512153917,
          2.9874808911
        ],
        [
          -0.0,
          1.0,
          -0.0,
          0.0
        ],
        [
          0.0,
          0.0,
          0.0,
          1.0
        ]
      ]
    },
    {
      "file_path": "images/train_059.png",
      "transform_matrix": [
        [
          -0.6606321241,
          0.0,
          0.7507097952,
          3.4439160935
        ],
        [
          0.7507097952,
          0.0,
          0.6606321241,
          3.0306805886
        ],
        [
          -0.0,
          1.0,
          -0.0,
          0.0
        ],
        [
          0.0,
          0.0,
          0.0,
          1.0
        ]
      ]
    },
    {
      "file_path": "images/train_060.png",
      "transform_matrix": [
        [
          -0.6698644001,
          0.0,
          0.7424834581,
          3.4061773893
        ],
        [
          0.7424834581,
          0.0,
          0.6698644001,
          3.0730340841
        ],
        [
          -0.0,
          1.0,
          -0.0,
          0.0
        ],
        [
          0.0,
          0.0,
          0.0,
          1.0
        ]
      ]
    },
    {
      "file_path": "images/train_061.png",
      "transform_matrix": [
        [
          -0.6787853658,
          0.0,
          0.734336726,
          3.3688038774
        ],
        [
          0.734336726,
          0.0,
          0.6787853658,
          3.113959429
        ],
        [
          -0.0,
          1.0,
          -0.0,
          0.0
        ],
        [
          0.0,
          0.0,
          0.0,
          1.0
        ]
      ]
    },
    {
      "file_path": "images/train_062.png",
      "transform_matrix": [
        [
          -0.6878974069,
          0.0,
          0.7258079343,
          3.3296776489
        ],
        [
          0.7258079343,
          0.0,
          0.6878974069,
          3.1557613415
        ],
        [
          -0.0,
          1.0,
          -0.0,
          0.0
        ],
        [
          0.0,
          0.0,
          0.0,
          1.0
        ]
      ]
    },
    {
      "file_path": "images/train_063.png",
      "transform_matrix": [
        [
          -0.6965254394,
          0.0,
          0.7175320984,
          3.2917118666
        ],
        [
          0.7175320984,
          0.0,
          0.6965254394,
          3.1953428419
        ],
        [
          -0.0,
          1.0,
          -0.0,
          0.0
        ],
        [
          0.0,
          0.0,
          0.0,
          1.0
        ]
      ]
    },
    {
      "file_path": "images/train_064.png",
      "transform_matrix": [
        [
          -0.7054263683,
          0.0,
          0.7087832101,
          3.2515759346
        ],
        [
          0.7087832101,
          0.0,
          0.7054263683,
          3.236176267
        ],
        [
          -0.0,
          1.0,
          -0.0,
          0.0
        ],
        [
          0.0,
          0.0,
          0.0,
          1.0
        ]
      ]
    },
    {
      "file_path": "images/train_065.png",
      "transform_matrix": [
        [
          -0.7141367831,
          0.0,
          0.7000061822,
          3.211310911
        ],
        [
          0.7000061822,
          0.0,
          0.7141367831,
          3.2761356996
        ],
        [
          -0.0,
          1.0,
          -0.0,
          0.0
        ],
        [
          0.0,
          0.0,
          0.0,
          1.0
        ]
      ]
    },
    {
      "file_path": "images/train_066.png",
      "transform_matrix": [
        [
          -0.7225377354,
          0.0,
          0.6913314841,
          3.1715153301
        ],
        [
          0.6913314841,
          0.0,
          0.7225377354,
          3.3146754593
        ],
        [
          -0.0,
          1.0,
          -0.0,
          0.0
        ],
        [
          0.0,
          0.0,
          0.0,
          1.0
        ]
      ]
    },
    {
      "file_path": "images/train_067.png",
      "transform_matrix": [
        [
          -0.7311096409,
          0.0,
          0.6822599893,
          3.1298994259
        ],
        [
          0.6822599893,
          0.0,
          0.7311096409,
          3.3539994743
        ],
        [
          -0.0,
          1.0,
          -0.0,
          0.0
        ],
        [
          0.0,
          0.0,
          0.0,
          1.0
        ]
      ]
    },
    {
      "file_path": "images/train_068.png",
      "transform_matrix": [
        [
          -0.7392151354,
          0.0,
          0.6734693635,
          3.0895720216
        ],
        [
          0.6734693635,
          0.0,
          0.7392151354,
          3.391183807
        ],
        [
          -0.0,
          1.0,
          -0.0,
          0.0
        ],
        [
          0.0,
          0.0,
          0.0,
          1.0
        ]
      ]
    },
    {
      "file_path": "images/train_069.png",
      "transform_matrix": [
        [
          -0.7475616541,
          0.0,
          0.664192422,
          3.0470136207
        ],
        [
          0.664192422,
          0.0,
          0.7475616541,
          3.4294738496
        ],
        [
          -0.0,
          1.0,
          -0.0,
          0.0
        ],
        [
          0.0,
          0.0,
          0.0,
          1.0
        ]
      ]
    },
    {
      "file_path": "images/train_070.png",
      "transform_matrix": [
        [
          -0.755717467,
          0.0,
          0.654897786,
          3.0043740458
        ],
        [
          0.654897786,
          0.0,
          0.755717467,
          3.4668890208
        ],
        [
          -0.0,
          1.0,
          -0.0,
          0.0
        ],
        [
          0.0,
          0.0,
          0.0,
          1.0
        ]
      ]
    },
    {
      "file_path": "images/train_071.png",
      "transform_matrix": [
        [
          -0.7635740559,
          0.0,
          0.6457202654,
          2.9622717437
        ],
        [
          0.6457202654,
          0.0,
          0.7635740559,
          3.5029314875
        ],
        [
          -0.0,
          1.0,
          -0.0,
          0.0
        ],
        [
          0.0,
          0.0,
          0.0,
          1.0
        ]
      ]
    },
    {
      "file_path": "images/train_072.png",
      "transform_matrix": [
        [
          -0.771564631,
          0.0,
          0.6361509414,
          2.9183720245
        ],
        [
          0.6361509414,
          0.0,
          0.771564631,
          3.5395886225
        ],
        [
          -0.0,
          1.0,
          -0.0,
          0.0
        ],
        [
          0.0,
          0.0,
          0.0,
          1.0
        ]
      ]
    },
    {
      "file_path": "images/train_073.png",
      "transform_matrix": [
        [
          -0.7791213797,
          0.0,
          0.6268730938,
          2.8758094675
        ],
        [
          0.6268730938,
          0.0,
          0.7791213797,
          3.5742555584
        ],
        [
          -0.0,
          1.0,
          -0.0,
          0.0
        ],
        [
          0.0,
          0.0,
          0.0,
          1.0
        ]
      ]
    },
    {
      "file_path": "images/train_074.png",
      "transform_matrix": [
        [
          -0.7868844036,
          0.0,
          0.6171004257,
          2.8309768982
        ],
        [
          0.6171004257,
          0.0,
          0.7868844036,
          3.6098687915
        ],
        [
          -0.0,
          1.0,
          -0.0,
          0.0
        ],
        [
          0.0,
          0.0,
          0.0,
          1.0
        ]
      ]
    },
    {
      "file_path": "images/train_075.png",
      "transform_matrix": [
        [
          -0.7944517215,
          0.0,
          0.6073273106,
          2.7861422779
        ],
        [
          0.6073273106,
          0.0,
          0.7944517215,
          3.6445842145
        ],
        [
          -0.0,
          1.0,
          -0.0,
          0.0
        ],
        [
          0.0,
          0.0,
          0.0,
          1.0
        ]
      ]
    },
    {
      "file_path": "images/train_076.png",
      "transform_matrix": [
        [
          -0.8017276612,
          0.0,
          0.5976895157,
          2.7419284459
        ],
        [
          0.5976895157,
          0.0,
          0.8017276612,
          3.6779629263
        ],
        [
          -0.0,
          1.0,
          -0.0,
          0.0
        ],
        [
          0.0,
          0.0,
          0.0,
          1.0
        ]
      ]
    },
    {
      "file_path": "images/train_077.png",
      "transform_matrix": [
        [
          -0.8091267493,
          0.0,
          0.5876341579,
          2.6957990245
        ],
        [
          0.5876341579,
          0.0,
          0.8091267493,
          3.7119065868
        ],
        [
          -0.0,
          1.0,
          -0.0,
          0.0
        ],
        [
          0.0,
          0.0,
          0.0,
          1.0
        ]
      ]
    },
    {
      "file_path": "images/train_078.png",
      "transform_matrix": [
        [
          -0.8160952287,
          0.0,
          0.5779174488,
          2.6512231697
        ],
        [
          0.5779174488,
          0.0,
          0.8160952287,
          3.7438748101
        ],
        [
          -0.0,
          1.0,
          -0.0,
          0.0
        ],
        [
          0.0,
          0.0,
          0.0,
          1.0
        ]
      ]
    },
    {
      "file_path": "images/train_079.png",
      "transform_matrix": [
        [
          -0.8232443807,
          0.0,
          0.5676871406,
          2.6042911549
        ],
        [
          0.5676871406,
          0.0,
          0.8232443807,
          3.7766718775
        ],
        [
          -0.0,
          1.0,
          -0.0,
          0.0
        ],
        [
          0.0,
          0.0,
          0.0,
          1.0
        ]
      ]
    },
    {
      "file_path": "images/train_080.png",
      "transform_matrix": [
        [
          -0.8301981677,
          0.0,
          0.5574683869,
          2.557412147
        ],
        [
          0.5574683869,
          0.0,
          0.8301981677,
          3.8085726986
        ],
        [
          -0.0,
          1.0,
          -0.0,
          0.0
        ],
        [
          0.0,
          0.0,
          0.0,
          1.0
        ]
      ]
    },
    {
      "file_path": "images/train_081.png",
      "transform_matrix": [
        [
          -0.8368722888,
          0.0,
          0.5473981843,
          2.5112146247
        ],
        [
          0.5473981843,
          0.0,
          0.8368722888,
          3.8391905395
        ],
        [
          -0.0,
          1.0,
          -0.0,
          0.0
        ],
        [
          0.0,
          0.0,
          0.0,
          1.0
        ]
      ]
    },
    {
      "file_path": "images/train_082.png",
      "transform_matrix": [
        [
          -0.8436389262,
          0.0,
          0.5369109444,
          2.463103924
        ],
        [
          0.5369109444,
          0.0,
          0.8436389262,
          3.870232803
        ],
        [
          -0.0,
          1.0,
          -0.0,
          0.0
        ],
        [
          0.0,
          0.0,
          0.0,
          1.0
        ]
      ]
    },
    {
      "file_path": "images/train_083.png",
      "transform_matrix": [
        [
          -0.8499956844,
          0.0,
          0.5267896511,
          2.41667202
        ],
        [
          0.5267896511,
          0.0,
          0.8499956844,
          3.8993947271
        ],
        [
          -0.0,
          1.0,
          -0.0,
          0.0
        ],
        [
          0.0,
          0.0,
          0.0,
          1.0
        ]
      ]
    },
    {
      "file_path": "images/train_084.png",
      "transform_matrix": [
        [
          -0.856505896,
          0.0,
          0.5161372396,
          2.3678035871
        ],
        [
          0.5161372396,
          0.0,
          0.856505896,
          3.9292606254
        ],
        [
          -0.0,
          1.0,
          -0.0,
          0.0
        ],
        [
          0.0,
          0.0,
          0.0,
          1.0
        ]
      ]
    },
    {
      "file_path": "images/train_085.png",
      "transform_matrix": [
        [
          -0.8628288026,
          0.0,
          0.5054962487,
          2.3189875466
        ],
        [
          0.5054962487,
          0.0,
          0.8628288026,
          3.9582672533
        ],
        [
          -0.0,
          1.0,
          -0.0,
          0.0
        ],
        [
          0.0,
          0.0,
          0.0,
          1.0
        ]
      ]
    },
    {
      "file_path": "images/train_086.png",
      "transform_matrix": [
        [
