{
  "camera_angle_x": 0.7853981633974483,
  "fl_x": 2414.213562373095,
  "fl_y": 2414.213562373095,
  "w": 2000,
  "h": 2000,
  "cx": 1000,
  "cy": 1000,
  "frames": [
    {
      "file_path": "images/train_000.png",
      "transform_matrix": [
        [
          0,
          -6.123233995736757e-17,
          1,
          5
        ],
        [
          1,
          0,
          0,
          0
        ],
        [
          0,
          1,
          6.123233995736757e-17,
          3.0616169978683787e-16
        ],
        [
          0,
          0,
          0,
          1
        ]
      ]
    },
    {
      "file_path": "images/train_001.png",
      "transform_matrix": [
        [
          -0.02454122852291229,
          -6.121389792138475e-17,
          0.9996988186962042,
          4.998494093481022
        ],
        [
          0.9996988186962042,
          -1.5027168478864111e-18,
          0.02454122852291229,
          0.12270614261456148
        ],
        [
          1.925929944387236e-34,
          1,
          6.123233995736757e-17,
          3.061616997868379e-16
        ],
        [
          0,
          0,
          0,
          1
        ]
      ]
    },
    {
      "file_path": "images/train_002.png",
      "transform_matrix": [
        [
          -0.04906767432741801,
          -6.115858292222914e-17,
          0.9987954562051723,
          4.993977281025863
        ],
        [
          0.9987954562051723,
          -3.004528515333856e-18,
          0.04906767432741801,
          0.2453383716370901
        ],
        [
          0,
          0.9999999999999998,
          6.123233995736756e-17,
          3.0616169978683787e-16
        ],
        [
          0,
          0,
          0,
          1
        ]
      ]
    },
    {
      "file_path": "images/train_003.png",
      "transform_matrix": [
        [
          -0.07356456359966744,
          -6.106642827958792e-17,
          0.9972904566786902,
          4.986452283393451
        ],
        [
          0.9972904566786902,
          -4.5045303671502244e-18,
          0.07356456359966744,
          0.36782281799833716
        ],
        [
          0,
          1,
          6.123233995736757e-17,
          3.0616169978683787e-16
        ],
        [
          0,
          0,
          0,
          1
        ]
      ]
    },
    {
      "file_path": "images/train_004.png",
      "transform_matrix": [
        [
          -0.0980171403295606,
          -6.09374895039719e-17,
          0.995184726672197,
          4.975923633360984
        ],
        [
          0.9951847266721968,
          -6.00181885830866e-18,
          0.09801714032956063,
          0.4900857016478031
        ],
        [
          0,
          1,
          6.123233995736759e-17,
          3.061616997868378e-16
        ],
        [
          0,
          0,
          0,
          1
        ]
      ]
    },
    {
      "file_path": "images/train_005.png",
      "transform_matrix": [
        [
          -0.12241067519921618,
          -6.077184426327814e-17,
          0.9924795345987099,
          4.962397672993551
        ],
        [
          0.9924795345987099,
          -7.495492078209307e-18,
          0.12241067519921618,
          0.6120533759960811
        ],
        [
          0,
          0.9999999999999998,
          6.123233995736755e-17,
          3.061616997868378e-16
        ],
        [
          0,
          0,
          0,
          1
        ]
      ]
    },
    {
      "file_path": "images/train_006.png",
      "transform_matrix": [
        [
          -0.14673047445536175,
          -6.056959233600587e-17,
          0.989176509964781,
          4.945882549823905
        ],
        [
          0.989176509964781,
          -8.98465029395655e-18,
          0.14673047445536175,
          0.7336523722768087
        ],
        [
          0,
          1,
          6.123233995736759e-17,
          3.061616997868379e-16
        ],
        [
          0,
          0,
          0,
          1
        ]
      ]
    },
    {
      "file_path": "images/train_007.png",
      "transform_matrix": [
        [
          -0.1709618887603012,
          -6.033085555115327e-17,
          0.9852776423889411,
          4.926388211944706
        ],
        [
          0.9852776423889411,
          -1.046839649232442e-17,
          0.1709618887603012,
          0.8548094438015061
        ],
        [
          0,
          0.9999999999999998,
          6.123233995736756e-17,
          3.061616997868378e-16
        ],
        [
          0,
          0,
          0,
          1
        ]
      ]
    },
    {
      "file_path": "images/train_008.png",
      "transform_matrix": [
        [
          -0.19509032201612825,
          -6.005577771483269e-17,
          0.9807852804032304,
          4.903926402016152
        ],
        [
          0.9807852804032304,
          -1.1945836920083876e-17,
          0.19509032201612825,
          0.9754516100806412
        ],
        [
          0,
          1,
          6.123233995736756e-17,
          3.061616997868378e-16
        ],
        [
          0,
          0,
          0,
          1
        ]
      ]
    },
    {
      "file_path": "images/train_009.png",
      "transform_matrix": [
        [
          -0.21910124015686971,
          -5.974452452364683e-17,
          0.9757021300385285,
          4.878510650192643
        ],
        [
          0.9757021300385285,
          -1.3416081622366279e-17,
          0.21910124015686971,
          1.0955062007843488
        ],
        [
          -1.540743955509788e-33,
          0.9999999999999998,
          6.123233995736757e-17,
          3.061616997868378e-16
        ],
        [
          0,
          0,
          0,
          1
        ]
      ]
    },
    {
      "file_path": "images/train_010.png",
      "transform_matrix": [
        [
          -0.24298017990326382,
          -5.93972834648796e-17,
          0.9700312531945439,
          4.85015626597272
        ],
        [
          0.9700312531945439,
          -1.487824497873898e-17,
          0.24298017990326382,
          1.2149008995163193
        ],
        [
          3.081487911019576e-33,
          0.9999999999999998,
          6.123233995736756e-17,
          3.0616169978683787e-16
        ],
        [
          0,
          0,
          0,
          1
        ]
      ]
    },
    {
      "file_path": "images/train_011.png",
      "transform_matrix": [
        [
          -0.26671275747489837,
          -5.901426370356061e-17,
          0.9637760657954397,
          4.8188803289772
        ],
        [
          0.9637760657954397,
          -1.6331446236669903e-17,
          0.26671275747489837,
          1.3335637873744919
        ],
        [
          0,
          0.9999999999999998,
          6.123233995736756e-17,
          3.061616997868379e-16
        ],
        [
          0,
          0,
          0,
          1
        ]
      ]
    },
    {
      "file_path": "images/train_012.png",
      "transform_matrix": [
        [
          -0.2902846772544623,
          -5.859569595647206e-17,
          0.9569403357322088,
          4.784701678661044
        ],
        [
          0.9569403357322086,
          -1.777481004205996e-17,
          0.29028467725446233,
          1.4514233862723116
        ],
        [
          0,
          0.9999999999999998,
          6.123233995736757e-17,
          3.0616169978683777e-16
        ],
        [
          0,
          0,
          0,
          1
        ]
      ]
    },
    {
      "file_path": "images/train_013.png",
      "transform_matrix": [
        [
          -0.3136817403988915,
          -5.814183235317353e-17,
          0.9495281805930367,
          4.747640902965183
        ],
        [
          0.9495281805930367,
          -1.9207466966523647e-17,
          0.3136817403988915,
          1.5684087019944575
        ],
        [
          0,
          1,
          6.123233995736757e-17,
          3.0616169978683787e-16
        ],
        [
          0,
          0,
          0,
          1
        ]
      ]
    },
    {
      "file_path": "images/train_014.png",
      "transform_matrix": [
        [
          -0.33688985339222005,
          -5.765294628412859e-17,
          0.9415440651830208,
          4.707720325915104
        ],
        [
          0.9415440651830208,
          -2.062855403110014e-17,
          0.33688985339222005,
          1.6844492669611002
        ],
        [
          3.0814879110195774e-33,
          1,
          6.123233995736757e-17,
          3.0616169978683787e-16
        ],
        [
          0,
          0,
          0,
          1
        ]
      ]
    },
    {
      "file_path": "images/train_015.png",
      "transform_matrix": [
        [
          -0.3598950365349881,
          -5.712933223602457e-17,
          0.9329927988347387,
          4.664963994173694
        ],
        [
          0.9329927988347387,
          -2.2037215226079612e-17,
          0.3598950365349881,
          1.7994751826749404
        ],
        [
          -3.081487911019576e-33,
          0.9999999999999998,
          6.123233995736756e-17,
          3.0616169978683777e-16
        ],
        [
          0,
          0,
          0,
          1
        ]
      ]
    },
    {
      "file_path": "images/train_016.png",
      "transform_matrix": [
        [
          -0.3826834323650898,
          -5.657130561438491e-17,
          0.9238795325112866,
          4.619397662556435
        ],
        [
          0.9238795325112866,
          -2.3432602026631453e-17,
          0.3826834323650898,
          1.9134171618254492
        ],
        [
          3.081487911019576e-33,
          0.9999999999999998,
          6.123233995736756e-17,
          3.0616169978683787e-16
        ],
        [
          0,
          0,
          0,
          1
        ]
      ]
    },
    {
      "file_path": "images/train_017.png",
      "transform_matrix": [
        [
          -0.40524131400498986,
          -5.597920255358055e-17,
          0.9142097557035307,
          4.571048778517653
        ],
        [
          0.9142097557035307,
          -2.4813873903923882e-17,
          0.40524131400498986,
          2.026206570024949
        ],
        [
          3.0814879110195774e-33,
          1,
          6.123233995736757e-17,
          3.0616169978683787e-16
        ],
        [
          0,
          0,
          0,
          1
        ]
      ]
    },
    {
      "file_path": "images/train_018.png",
      "transform_matrix": [
        [
          -0.427555093430282,
          -5.535337971435507e-17,
          0.9039892931234432,
          4.519946465617218
        ],
        [
          0.9039892931234432,
          -2.6180198831427072e-17,
          0.427555093430282,
          2.13777546715141
        ],
        [
          0,
          0.9999999999999998,
          6.123233995736756e-17,
          3.061616997868378e-16
        ],
        [
          0,
          0,
          0,
          1
        ]
      ]
    },
    {
      "file_path": "images/train_019.png",
      "transform_matrix": [
        [
          -0.44961132965460665,
          -5.469421406898588e-17,
          0.8932243011955153,
          4.4661215059775765
        ],
        [
          0.8932243011955153,
          -2.7530753786094935e-17,
          0.44961132965460665,
          2.248056648273033
        ],
        [
          0,
          1,
          6.123233995736757e-17,
          3.0616169978683787e-16
        ],
        [
          0,
          0,
          0,
          1
        ]
      ]
    },
    {
      "file_path": "images/train_020.png",
      "transform_matrix": [
        [
          -0.4713967368259976,
          -5.400210267420989e-17,
          0.8819212643483549,
          4.409606321741776
        ],
        [
          0.8819212643483549,
          -2.8864725244123215e-17,
          0.4713967368259976,
          2.3569836841299887
        ],
        [
          3.081487911019576e-33,
          0.9999999999999998,
          6.123233995736756e-17,
          3.061616997868378e-16
        ],
        [
          0,
          0,
          0,
          1
        ]
      ]
    },
    {
      "file_path": "images/train_021.png",
      "transform_matrix": [
        [
          -0.4928981922297838,
          -5.3277462432051664e-17,
          0.8700869911087116,
          4.350434955543558
        ],
        [
          0.8700869911087113,
          -3.018130967098604e-17,
          0.4928981922297839,
          2.4644909611489205
        ],
        [
          0,
          0.9999999999999998,
          6.123233995736757e-17,
          3.061616997868379e-16
        ],
        [
          0,
          0,
          0,
          1
        ]
      ]
    },
    {
      "file_path": "images/train_022.png",
      "transform_matrix": [
        [
          -0.5141027441932217,
          -5.2520729838697006e-17,
          0.8577286100002722,
          4.288643050001361
        ],
        [
          0.857728610000272,
          -3.1479714005454927e-17,
          0.5141027441932218,
          2.5705137209661095
        ],
        [
          -3.0814879110195774e-33,
          1,
          6.123233995736757e-17,
          3.0616169978683787e-16
        ],
        [
          0,
          0,
          0,
          1
        ]
      ]
    },
    {
      "file_path": "images/train_023.png",
      "transform_matrix": [
        [
          -0.5349976198870972,
          -5.173236072156409e-17,
          0.8448535652497071,
          4.224267826248536
        ],
        [
          0.8448535652497071,
          -3.2759156137309247e-17,
          0.5349976198870972,
          2.674988099435485
        ],
        [
          0,
          1,
          6.123233995736757e-17,
          3.0616169978683787e-16
        ],
        [
          0,
          0,
          0,
          1
        ]
      ]
    },
    {
      "file_path": "images/train_024.png",
      "transform_matrix": [
        [
          -0.5555702330196022,
          -5.091282996473007e-17,
          0.8314696123025453,
          4.157348061512726
        ],
        [
          0.8314696123025453,
          -3.40188653784502e-17,
          0.5555702330196022,
          2.777851165098011
        ],
        [
          0,
          1,
          6.123233995736759e-17,
          3.061616997868379e-16
        ],
        [
          0,
          0,
          0,
          1
        ]
      ]
    },
    {
      "file_path": "images/train_025.png",
      "transform_matrix": [
        [
          -0.5758081914178453,
          -5.0062631222878624e-17,
          0.8175848131515837,
          4.087924065757918
        ],
        [
          0.8175848131515837,
          -3.5258082927134486e-17,
          0.5758081914178453,
          2.8790409570892272
        ],
        [
          0,
          1,
          6.123233995736757e-17,
          3.0616169978683787e-16
        ],
        [
          0,
          0,
          0,
          1
        ]
      ]
    },
    {
      "file_path": "images/train_026.png",
      "transform_matrix": [
        [
          -0.5956993044924332,
          -4.918227662394085e-17,
          0.8032075314806449,
          4.016037657403225
        ],
        [
          0.8032075314806449,
          -3.6476062325048083e-17,
          0.5956993044924332,
          2.9784965224621667
        ],
        [
          0,
          0.9999999999999998,
          6.123233995736756e-17,
          3.061616997868378e-16
        ],
        [
          0,
          0,
          0,
          1
        ]
      ]
    },
    {
      "file_path": "images/train_027.png",
      "transform_matrix": [
        [
          -0.6152315905806268,
          -4.827229646060863e-17,
          0.7883464276266063,
          3.9417321381330326
        ],
        [
          0.7883464276266063,
          -3.767206990694492e-17,
          0.6152315905806268,
          3.0761579529031344
        ],
        [
          0,
          1,
          6.123233995736757e-17,
          3.061616997868379e-16
        ],
        [
          0,
          0,
          0,
          1
        ]
      ]
    },
    {
      "file_path": "images/train_028.png",
      "transform_matrix": [
        [
          -0.6343932841636454,
          -4.7333238870905925e-17,
          0.7730104533627369,
          3.8650522668136844
        ],
        [
          0.7730104533627369,
          -3.884538524257922e-17,
          0.6343932841636454,
          3.171966420818227
        ],
        [
          0,
          0.9999999999999998,
          6.123233995736756e-17,
          3.061616997868378e-16
        ],
        [
          0,
          0,
          0,
          1
        ]
      ]
    },
    {
      "file_path": "images/train_029.png",
      "transform_matrix": [
        [
          -0.6531728429537765,
          -4.636566950801121e-17,
          0.7572088465064846,
          3.7860442325324235
        ],
        [
          0.7572088465064846,
          -3.9995301570665904e-17,
          0.6531728429537765,
          3.2658642147688837
        ],
        [
          6.162975822039152e-33,
          0.9999999999999998,
          6.123233995736756e-17,
          3.0616169978683787e-16
        ],
        [
          0,
          0,
          0,
          1
        ]
      ]
    },
    {
      "file_path": "images/train_030.png",
      "transform_matrix": [
        [
          -0.6715589548470182,
          -4.5370171199528924e-17,
          0.740951125354959,
          3.704755626774795
        ],
        [
          0.740951125354959,
          -4.1121126224607076e-17,
          0.6715589548470182,
          3.3577947742350926
        ],
        [
          0,
          0.9999999999999998,
          6.123233995736756e-17,
          3.061616997868378e-16
        ],
        [
          0,
          0,
          0,
          1
        ]
      ]
    },
    {
      "file_path": "images/train_031.png",
      "transform_matrix": [
        [
          -0.6895405447370667,
          -4.434734359641601e-17,
          0.7242470829514669,
          3.621235414757335
        ],
        [
          0.7242470829514669,
          -4.2222181049728487e-17,
          0.6895405447370667,
          3.4477027236853344
        ],
        [
          0,
          0.9999999999999998,
          6.123233995736757e-17,
          3.0616169978683787e-16
        ],
        [
          0,
          0,
          0,
          1
        ]
      ]
    },
    {
      "file_path": "images/train_032.png",
      "transform_matrix": [
        [
          -0.7071067811865475,
          -4.329780281177461e-17,
          0.7071067811865476,
          3.5355339059327378
        ],
        [
          0.7071067811865476,
          -4.32978028117746e-17,
          0.7071067811865475,
          3.5355339059327373
        ],
        [
          0,
          1,
          6.123233995736757e-17,
          3.0616169978683787e-16
        ],
        [
          0,
          0,
          0,
          1
        ]
      ]
    },
    {
      "file_path": "images/train_033.png",
      "transform_matrix": [
        [
          -0.7242470829514668,
          -4.222218104972851e-17,
          0.689540544737067,
          3.4477027236853353
        ],
        [
          0.689540544737067,
          -4.4347343596416004e-17,
          0.7242470829514668,
          3.621235414757334
        ],
        [
          0,
          1,
          6.123233995736757e-17,
          3.0616169978683797e-16
        ],
        [
          0,
          0,
          0,
          1
        ]
      ]
    },
    {
      "file_path": "images/train_034.png",
      "transform_matrix": [
        [
          -0.7409511253549589,
          -4.112112622460708e-17,
          0.6715589548470183,
          3.357794774235093
        ],
        [
          0.6715589548470183,
          -4.537017119952891e-17,
          0.7409511253549589,
          3.7047556267747943
        ],
        [
          -6.162975822039152e-33,
          0.9999999999999998,
          6.123233995736756e-17,
          3.0616169978683787e-16
        ],
        [
          0,
          0,
          0,
          1
        ]
      ]
    },
    {
      "file_path": "images/train_035.png",
      "transform_matrix": [
        [
          -0.7572088465064845,
          -3.999530157066593e-17,
          0.6531728429537769,
          3.265864214768884
        ],
        [
          0.6531728429537769,
          -4.6365669508011217e-17,
          0.7572088465064845,
          3.786044232532422
        ],
        [
          0,
          1,
          6.123233995736757e-17,
          3.0616169978683787e-16
        ],
        [
          0,
          0,
          0,
          1
        ]
      ]
    },
    {
      "file_path": "images/train_036.png",
      "transform_matrix": [
        [
          -0.7730104533627369,
          -3.8845385242579244e-17,
          0.6343932841636457,
          3.1719664208182285
        ],
        [
          0.6343932841636457,
          -4.733323887090594e-17,
          0.7730104533627369,
          3.8650522668136844
        ],
        [
          0,
          1,
          6.123233995736759e-17,
          3.0616169978683797e-16
        ],
        [
          0,
          0,
          0,
          1
        ]
      ]
    },
    {
      "file_path": "images/train_037.png",
      "transform_matrix": [
        [
          -0.7883464276266062,
          -3.7672069906944915e-17,
          0.6152315905806268,
          3.0761579529031344
        ],
        [
          0.6152315905806268,
          -4.827229646060861e-17,
          0.7883464276266062,
          3.9417321381330317
        ],
        [
          0,
          0.9999999999999998,
          6.123233995736756e-17,
          3.061616997868378e-16
        ],
        [
          0,
          0,
          0,
          1
        ]
      ]
    },
    {
      "file_path": "images/train_038.png",
      "transform_matrix": [
        [
          -0.8032075314806449,
          -3.6476062325048083e-17,
          0.5956993044924332,
          2.9784965224621667
        ],
        [
          0.5956993044924332,
          -4.918227662394085e-17,
          0.8032075314806449,
          4.016037657403225
        ],
        [
          0,
          0.9999999999999998,
          6.123233995736756e-17,
          3.061616997868378e-16
        ],
        [
          0,
          0,
          0,
          1
        ]
      ]
    },
    {
      "file_path": "images/train_039.png",
      "transform_matrix": [
        [
          -0.8175848131515836,
          -3.5258082927134474e-17,
          0.5758081914178453,
          2.879040957089227
        ],
        [
          0.5758081914178453,
          -5.00626312228786e-17,
          0.8175848131515836,
          4.087924065757918
        ],
        [
          0,
          0.9999999999999998,
          6.123233995736756e-17,
          3.061616997868378e-16
        ],
        [
          0,
          0,
          0,
          1
        ]
      ]
    },
    {
      "file_path": "images/train_040.png",
      "transform_matrix": [
        [
          -0.8314696123025452,
          -3.401886537845019e-17,
          0.5555702330196022,
          2.7778511650980113
        ],
        [
          0.5555702330196022,
          -5.091282996473005e-17,
          0.8314696123025452,
          4.157348061512727
        ],
        [
          0,
          0.9999999999999998,
          6.123233995736756e-17,
          3.0616169978683787e-16
        ],
        [
          0,
          0,
          0,
          1
        ]
      ]
    },
    {
      "file_path": "images/train_041.png",
      "transform_matrix": [
        [
          -0.8448535652497071,
          -3.2759156137309247e-17,
          0.5349976198870972,
          2.674988099435485
        ],
        [
          0.5349976198870972,
          -5.173236072156409e-17,
          0.8448535652497071,
          4.224267826248536
        ],
        [
          0,
          1,
          6.123233995736757e-17,
          3.0616169978683787e-16
        ],
        [
          0,
          0,
          0,
          1
        ]
      ]
    },
    {
      "file_path": "images/train_042.png",
      "transform_matrix": [
        [
          -0.8577286100002719,
          -3.1479714005454945e-17,
          0.514102744193222,
          2.57051372096611
        ],
        [
          0.5141027441932219,
          -5.2520729838697006e-17,
          0.8577286100002721,
          4.288643050001361
        ],
        [
          3.081487911019578e-33,
          1,
          6.123233995736759e-17,
          3.061616997868379e-16
        ],
        [
          0,
          0,
          0,
          1
        ]
      ]
    },
    {
      "file_path": "images/train_043.png",
      "transform_matrix": [
        [
          -0.8700869911087113,
          -3.0181309670986044e-17,
          0.4928981922297841,
          2.464490961148921
        ],
        [
          0.4928981922297841,
          -5.327746243205165e-17,
          0.8700869911087113,
          4.350434955543557
        ],
        [
          0,
          0.9999999999999998,
          6.123233995736756e-17,
          3.061616997868378e-16
        ],
        [
          0,
          0,
          0,
          1
        ]
      ]
    },
    {
      "file_path": "images/train_044.png",
      "transform_matrix": [
        [
          -0.8819212643483549,
          -2.886472524412321e-17,
          0.4713967368259975,
          2.356983684129988
        ],
        [
          0.4713967368259975,
          -5.400210267420989e-17,
          0.8819212643483549,
          4.409606321741775
        ],
        [
          -3.081487911019576e-33,
          0.9999999999999998,
          6.123233995736756e-17,
          3.061616997868378e-16
        ],
        [
          0,
          0,
          0,
          1
        ]
      ]
    },
    {
      "file_path": "images/train_045.png",
      "transform_matrix": [
        [
          -0.8932243011955153,
          -2.7530753786094935e-17,
          0.44961132965460665,
          2.248056648273033
        ],
        [
          0.44961132965460665,
          -5.469421406898588e-17,
          0.8932243011955153,
          4.4661215059775765
        ],
        [
          0,
          1,
          6.123233995736757e-17,
          3.0616169978683787e-16
        ],
        [
          0,
          0,
          0,
          1
        ]
      ]
    },
    {
      "file_path": "images/train_046.png",
      "transform_matrix": [
        [
          -0.9039892931234432,
          -2.618019883142708e-17,
          0.42755509343028214,
          2.1377754671514113
        ],
        [
          0.42755509343028214,
          -5.535337971435507e-17,
          0.9039892931234432,
          4.519946465617219
        ],
        [
          3.081487911019576e-33,
          0.9999999999999998,
          6.123233995736757e-17,
          3.0616169978683787e-16
        ],
        [
          0,
          0,
          0,
          1
        ]
      ]
    },
    {
      "file_path": "images/train_047.png",
      "transform_matrix": [
        [
          -0.9142097557035307,
          -2.4813873903923882e-17,
          0.40524131400498986,
          2.026206570024949
        ],
        [
          0.40524131400498986,
          -5.597920255358055e-17,
          0.9142097557035307,
          4.571048778517653
        ],
        [
          -3.0814879110195774e-33,
          1,
          6.123233995736757e-17,
          3.0616169978683787e-16
        ],
        [
          0,
          0,
          0,
          1
        ]
      ]
    },
    {
      "file_path": "images/train_048.png",
      "transform_matrix": [
        [
          -0.9238795325112866,
          -2.3432602026631453e-17,
          0.3826834323650898,
          1.9134171618254494
        ],
        [
          0.3826834323650898,
          -5.657130561438491e-17,
          0.9238795325112866,
          4.619397662556435
        ],
        [
          -3.081487911019576e-33,
          0.9999999999999998,
          6.123233995736756e-17,
          3.0616169978683787e-16
        ],
        [
          0,
          0,
          0,
          1
        ]
      ]
    },
    {
      "file_path": "images/train_049.png",
      "transform_matrix": [
        [
          -0.9329927988347388,
          -2.2037215226079624e-17,
          0.3598950365349883,
          1.7994751826749416
        ],
        [
          0.3598950365349883,
          -5.712933223602458e-17,
          0.9329927988347388,
          4.664963994173695
        ],
        [
          0,
          1,
          6.123233995736757e-17,
          3.0616169978683787e-16
        ],
        [
          0,
          0,
          0,
          1
        ]
      ]
    },
    {
      "file_path": "images/train_050.png",
      "transform_matrix": [
        [
          -0.9415440651830208,
          -2.062855403110014e-17,
          0.33688985339222005,
          1.6844492669611002
        ],
        [
          0.33688985339222005,
          -5.765294628412859e-17,
          0.9415440651830208,
          4.707720325915104
        ],
        [
          -3.0814879110195774e-33,
          1,
          6.123233995736757e-17,
          3.0616169978683787e-16
        ],
        [
          0,
          0,
          0,
          1
        ]
      ]
    },
    {
      "file_path": "images/train_051.png",
      "transform_matrix": [
        [
          -0.9495281805930367,
          -1.9207466966523647e-17,
          0.3136817403988915,
          1.5684087019944575
        ],
        [
          0.3136817403988915,
          -5.814183235317353e-17,
          0.9495281805930367,
          4.747640902965183
        ],
        [
          0,
          1,
          6.123233995736757e-17,
          3.0616169978683787e-16
        ],
        [
          0,
          0,
          0,
          1
        ]
      ]
    },
    {
      "file_path": "images/train_052.png",
      "transform_matrix": [
        [
          -0.956940335732209,
          -1.7774810042059956e-17,
          0.2902846772544622,
          1.4514233862723114
        ],
        [
          0.2902846772544623,
          -5.859569595647207e-17,
          0.9569403357322088,
          4.784701678661045
        ],
        [
          0,
          1,
          6.123233995736756e-17,
          3.061616997868379e-16
        ],
        [
          0,
          0,
          0,
          1
        ]
      ]
    },
    {
      "file_path": "images/train_053.png",
      "transform_matrix": [
        [
          -0.9637760657954397,
          -1.6331446236669903e-17,
          0.26671275747489837,
          1.3335637873744919
        ],
        [
          0.26671275747489837,
          -5.901426370356061e-17,
          0.9637760657954397,
          4.8188803289772
        ],
        [
          0,
          0.9999999999999998,
          6.123233995736756e-17,
          3.061616997868379e-16
        ],
        [
          0,
          0,
          0,
          1
        ]
      ]
    },
    {
      "file_path": "images/train_054.png",
      "transform_matrix": [
        [
          -0.970031253194544,
          -1.4878244978738993e-17,
          0.242980179903264,
          1.21490089951632
        ],
        [
          0.242980179903264,
          -5.939728346487962e-17,
          0.970031253194544,
          4.8501562659727195
        ],
        [
          3.0814879110195774e-33,
          1,
          6.123233995736757e-17,
          3.0616169978683787e-16
        ],
        [
          0,
          0,
          0,
          1
        ]
      ]
    },
    {
      "file_path": "images/train_055.png",
      "transform_matrix": [
        [
          -0.9757021300385285,
          -1.3416081622366279e-17,
          0.21910124015686971,
          1.0955062007843488
        ],
        [
          0.21910124015686971,
          -5.974452452364683e-17,
          0.9757021300385285,
          4.878510650192643
        ],
        [
          1.540743955509788e-33,
          0.9999999999999998,
          6.123233995736757e-17,
          3.061616997868378e-16
        ],
        [
          0,
          0,
          0,
          1
        ]
      ]
    },
    {
      "file_path": "images/train_056.png",
      "transform_matrix": [
        [
          -0.9807852804032304,
          -1.194583692008388e-17,
          0.1950903220161283,
          0.9754516100806415
        ],
        [
          0.1950903220161283,
          -6.005577771483269e-17,
          0.9807852804032304,
          4.903926402016152
        ],
        [
          0,
          1,
          6.123233995736757e-17,
          3.061616997868378e-16
        ],
        [
          0,
          0,
          0,
          1
        ]
      ]
    },
    {
      "file_path": "images/train_057.png",
      "transform_matrix": [
        [
          -0.9852776423889411,
          -1.0468396492324428e-17,
          0.17096188876030133,
          0.8548094438015068
        ],
        [
          0.17096188876030133,
          -6.033085555115327e-17,
          0.9852776423889411,
          4.926388211944706
        ],
        [
          1.540743955509788e-33,
          0.9999999999999998,
          6.123233995736756e-17,
          3.061616997868378e-16
        ],
        [
          0,
          0,
          0,
          1
        ]
      ]
    },
    {
      "file_path": "images/train_058.png",
      "transform_matrix": [
        [
          -0.989176509964781,
          -8.98465029395655e-18,
          0.14673047445536175,
          0.7336523722768087
        ],
        [
          0.14673047445536175,
          -6.056959233600587e-17,
          0.989176509964781,
          4.945882549823905
        ],
        [
          0,
          1,
          6.123233995736759e-17,
          3.061616997868379e-16
        ],
        [
          0,
          0,
          0,
          1
        ]
      ]
    },
    {
      "file_path": "images/train_059.png",
      "transform_matrix": [
        [
          -0.9924795345987099,
          -7.495492078209312e-18,
          0.12241067519921625,
          0.6120533759960815
        ],
        [
          0.12241067519921625,
          -6.077184426327814e-17,
          0.9924795345987099,
          4.962397672993551
        ],
        [
          -1.540743955509788e-33,
          0.9999999999999998,
          6.123233995736755e-17,
          3.061616997868378e-16
        ],
        [
          0,
          0,
          0,
          1
        ]
      ]
    },
    {
      "file_path": "images/train_060.png",
      "transform_matrix": [
        [
          -0.9951847266721968,
          -6.001818858308657e-18,
          0.09801714032956058,
          0.4900857016478028
        ],
        [
          0.09801714032956055,
          -6.09374895039719e-17,
          0.995184726672197,
          4.975923633360984
        ],
        [
          0,
          1,
          6.123233995736759e-17,
          3.061616997868378e-16
        ],
        [
          0,
          0,
          0,
          1
        ]
      ]
    },
    {
      "file_path": "images/train_061.png",
      "transform_matrix": [
        [
          -0.9972904566786902,
          -4.504530367150239e-18,
          0.07356456359966768,
          0.3678228179983384
        ],
        [
          0.07356456359966768,
          -6.106642827958792e-17,
          0.9972904566786902,
          4.986452283393451
        ],
        [
          0,
          1,
          6.123233995736757e-17,
          3.0616169978683787e-16
        ],
        [
          0,
          0,
          0,
          1
        ]
      ]
    },
    {
      "file_path": "images/train_062.png",
      "transform_matrix": [
        [
          -0.9987954562051723,
          -3.0045285153338633e-18,
          0.049067674327418126,
          0.24533837163709066
        ],
        [
          0.049067674327418126,
          -6.115858292222914e-17,
          0.9987954562051723,
          4.993977281025863
        ],
        [
          0,
          0.9999999999999998,
          6.123233995736756e-17,
          3.0616169978683787e-16
        ],
        [
          0,
          0,
          0,
          1
        ]
      ]
    },
    {
      "file_path": "images/train_063.png",
      "transform_matrix": [
        [
          -0.9996988186962042,
          -1.5027168478864096e-18,
          0.024541228522912267,
          0.12270614261456138
        ],
        [
          0.024541228522912267,
          -6.121389792138475e-17,
          0.9996988186962042,
          4.998494093481022
        ],
        [
          -1.925929944387236e-34,
          1,
          6.123233995736757e-17,
          3.061616997868379e-16
        ],
        [
          0,
          0,
          0,
          1
        ]
      ]
    },
    {
      "file_path": "images/train_064.png",
      "transform_matrix": [
        [
          -1,
          -3.749399456654634e-33,
          6.123233995736757e-17,
          3.0616169978683787e-16
        ],
        [
          6.123233995736757e-17,
          -6.123233995736757e-17,
          1,
          5
        ],
        [
          0,
          1,
          6.123233995736757e-17,
          3.0616169978683787e-16
        ],
        [
          0,
          0,
          0,
          1
        ]
      ]
    },
    {
      "file_path": "images/train_065.png",
      "transform_matrix": [
        [
          -0.9996988186962042,
          1.5027168478864156e-18,
          -0.024541228522912364,
          -0.12270614261456186
        ],
        [
          -0.024541228522912364,
          -6.121389792138475e-17,
          0.9996988186962042,
          4.998494093481022
        ],
        [
          1.925929944387236e-34,
          1,
          6.123233995736757e-17,
          3.061616997868379e-16
        ],
        [
          0,
          0,
          0,
          1
        ]
      ]
    },
    {
      "file_path": "images/train_066.png",
      "transform_matrix": [
        [
          -0.9987954562051723,
          3.004528515333856e-18,
          -0.04906767432741801,
          -0.24533837163709007
        ],
        [
          -0.04906767432741801,
          -6.115858292222914e-17,
          0.9987954562051723,
          4.993977281025863
        ],
        [
          0,
          0.9999999999999998,
          6.123233995736756e-17,
          3.0616169978683787e-16
        ],
        [
          0,
          0,
          0,
          1
        ]
      ]
    },
    {
      "file_path": "images/train_067.png",
      "transform_matrix": [
        [
          -0.9972904566786902,
          4.504530367150219e-18,
          -0.07356456359966734,
          -0.3678228179983367
        ],
        [
          -0.07356456359966734,
          -6.106642827958792e-17,
          0.9972904566786902,
          4.986452283393451
        ],
        [
          0,
          1,
          6.123233995736757e-17,
          3.0616169978683787e-16
        ],
        [
          0,
          0,
          0,
          1
        ]
      ]
    },
    {
      "file_path": "images/train_068.png",
      "transform_matrix": [
        [
          -0.9951847266721968,
          6.00181885830865e-18,
          -0.09801714032956046,
          -0.49008570164780224
        ],
        [
          -0.09801714032956044,
          -6.09374895039719e-17,
          0.995184726672197,
          4.975923633360984
        ],
        [
          0,
          1,
          6.123233995736759e-17,
          3.061616997868378e-16
        ],
        [
          0,
          0,
          0,
          1
        ]
      ]
    },
    {
