{
  "camera_angle_x": 0.45317198801245645,
  "w": 2000.0,
  "h": 2000.0,
  "cx": 1000.0,
  "cy": 1000.0,
  "fl_x": 4337.547,
  "fl_y": 4337.547,
  "frames": [
    {
      "file_path": "images/image_0001.png",
      "transform_matrix": [
        [
          0.0,
          0.0,
          1.0,
          4.7213454888
        ],
        [
          1.0,
          0.0,
          -0.0,
          0.0
        ],
        [
          -0.0,
          1.0,
          0.0,
          0.0
        ],
        [
          0.0,
          0.0,
          0.0,
          1.0
        ]
      ]
    },
    {
      "file_path": "images/image_0002.png",
      "transform_matrix": [
        [
          0.0245194185,
          0.0,
          0.9996993539,
          4.7199260345
        ],
        [
          0.9996993539,
          0.0,
          -0.0245194185,
          -0.1157646458
        ],
        [
          -0.0,
          1.0,
          0.0,
          0.0
        ],
        [
          0.0,
          0.0,
          0.0,
          1.0
        ]
      ]
    },
    {
      "file_path": "images/image_0003.png",
      "transform_matrix": [
        [
          0.0490589582,
          0.0,
          0.9987958844,
          4.7156604428
        ],
        [
          0.9987958844,
          0.0,
          -0.0490589582,
          -0.2316242909
        ],
        [
          -0.0,
          1.0,
          0.0,
          0.0
        ],
        [
          0.0,
          0.0,
          0.0,
          1.0
        ]
      ]
    },
    {
      "file_path": "images/image_0004.png",
      "transform_matrix": [
        [
          0.0735515091,
          0.0,
          0.9972914196,
          4.7085573447
        ],
        [
          0.9972914196,
          0.0,
          -0.0735515091,
          -0.3472620856
        ],
        [
          -0.0,
          1.0,
          0.0,
          0.0
        ],
        [
          0.0,
          0.0,
          0.0,
          1.0
        ]
      ]
    },
    {
      "file_path": "images/image_0005.png",
      "transform_matrix": [
        [
          0.0979997711,
          0.0,
          0.9951864372,
          4.698618996
        ],
        [
          0.9951864372,
          0.0,
          -0.0979997711,
          -0.462690777
        ],
        [
          -0.0,
          1.0,
          0.0,
          0.0
        ],
        [
          0.0,
          0.0,
          0.0,
          1.0
        ]
      ]
    },
    {
      "file_path": "images/image_0006.png",
      "transform_matrix": [
        [
          0.1223890226,
          0.0,
          0.9924822049,
          4.685851381
        ],
        [
          0.9924822049,
          0.0,
          -0.1223890226,
          -0.5778408598
        ],
        [
          -0.0,
          1.0,
          0.0,
          0.0
        ],
        [
          0.0,
          0.0,
          0.0,
          1.0
        ]
      ]
    },
    {
      "file_path": "images/image_0007.png",
      "transform_matrix": [
        [
          0.1467218423,
          0.0,
          0.9891777904,
          4.6702500983
        ],
        [
          0.9891777904,
          0.0,
          -0.1467218423,
          -0.692724508
        ],
        [
          -0.0,
          1.0,
          0.0,
          0.0
        ],
        [
          0.0,
          0.0,
          0.0,
          1.0
        ]
      ]
    },
    {
      "file_path": "images/image_0008.png",
      "transform_matrix": [
        [
          0.1709489915,
          0.0,
          0.9852798802,
          4.6518467175
        ],
        [
          0.9852798802,
          0.0,
          -0.1709489915,
          -0.8071092498
        ],
        [
          -0.0,
          1.0,
          0.0,
          0.0
        ],
        [
          0.0,
          0.0,
          0.0,
          1.0
        ]
      ]
    },
    {
      "file_path": "images/image_0009.png",
      "transform_matrix": [
        [
          0.1950732041,
          0.0,
          0.9807886852,
          4.6306422344
        ],
        [
          0.9807886852,
          0.0,
          -0.1950732041,
          -0.9210079919
        ],
        [
          -0.0,
          1.0,
          0.0,
          0.0
        ],
        [
          0.0,
          0.0,
          0.0,
          1.0
        ]
      ]
    },
    {
      "file_path": "images/image_0010.png",
      "transform_matrix": [
        [
          0.2190799536,
          0.0,
          0.9757069099,
          4.6066494172
        ],
        [
          0.9757069099,
          0.0,
          -0.2190799536,
          -1.0343521505
        ],
        [
          -0.0,
          1.0,
          0.0,
          0.0
        ],
        [
          0.0,
          0.0,
          0.0,
          1.0
        ]
      ]
    },
    {
      "file_path": "images/image_0011.png",
      "transform_matrix": [
        [
          0.2429547845,
          0.0,
          0.9700376141,
          4.5798827131
        ],
        [
          0.9700376141,
          0.0,
          -0.2429547845,
          -1.1470734756
        ],
        [
          -0.0,
          1.0,
          0.0,
          0.0
        ],
        [
          0.0,
          0.0,
          0.0,
          1.0
        ]
      ]
    },
    {
      "file_path": "images/image_0012.png",
      "transform_matrix": [
        [
          0.2667001417,
          0.0,
          0.963779557,
          4.5503362635
        ],
        [
          0.963779557,
          0.0,
          -0.2667001417,
          -1.2591835106
        ],
        [
          -0.0,
          1.0,
          0.0,
          0.0
        ],
        [
          0.0,
          0.0,
          0.0,
          1.0
        ]
      ]
    },
    {
      "file_path": "images/image_0013.png",
      "transform_matrix": [
        [
          0.2902679755,
          0.0,
          0.956945402,
          4.5180698568
        ],
        [
          0.956945402,
          0.0,
          -0.2902679755,
          -1.3704553964
        ],
        [
          -0.0,
          1.0,
          0.0,
          0.0
        ],
        [
          0.0,
          0.0,
          0.0,
          1.0
        ]
      ]
    },
    {
      "file_path": "images/image_0014.png",
      "transform_matrix": [
        [
          0.3136610248,
          0.0,
          0.9495350238,
          4.4830829012
        ],
        [
          0.9495350238,
          0.0,
          -0.3136610248,
          -1.4809020646
        ],
        [
          -0.0,
          1.0,
          0.0,
          0.0
        ],
        [
          0.0,
          0.0,
          0.0,
          1.0
        ]
      ]
    },
    {
      "file_path": "images/image_0015.png",
      "transform_matrix": [
        [
          0.3368816369,
          0.0,
          0.9415470051,
          4.4453687048
        ],
        [
          0.9415470051,
          0.0,
          -0.3368816369,
          -1.5905345964
        ],
        [
          -0.0,
          1.0,
          0.0,
          0.0
        ],
        [
          0.0,
          0.0,
          0.0,
          1.0
        ]
      ]
    },
    {
      "file_path": "images/image_0016.png",
      "transform_matrix": [
        [
          0.3598828237,
          0.0,
          0.9329975098,
          4.4050035838
        ],
        [
          0.9329975098,
          0.0,
          -0.3598828237,
          -1.699131146
        ],
        [
          -0.0,
          1.0,
          0.0,
          0.0
        ],
        [
          0.0,
          0.0,
          0.0,
          1.0
        ]
      ]
    },
    {
      "file_path": "images/image_0017.png",
      "transform_matrix": [
        [
          0.3826673076,
          0.0,
          0.9238862115,
          4.3619859966
        ],
        [
          0.9238862115,
          0.0,
          -0.3826673076,
          -1.8067045663
        ],
        [
          -0.0,
          1.0,
          0.0,
          0.0
        ],
        [
          0.0,
          0.0,
          0.0,
          1.0
        ]
      ]
    },
    {
      "file_path": "images/image_0018.png",
      "transform_matrix": [
        [
          0.4052213689,
          0.0,
          0.9142185965,
          4.3163418462
        ],
        [
          0.9142185965,
          0.0,
          -0.4052213689,
          -1.9131900822
        ],
        [
          -0.0,
          1.0,
          0.0,
          0.0
        ],
        [
          0.0,
          0.0,
          0.0,
          1.0
        ]
      ]
    },
    {
      "file_path": "images/image_0019.png",
      "transform_matrix": [
        [
          0.4275472046,
          0.0,
          0.9039930242,
          4.2680633867
        ],
        [
          0.9039930242,
          0.0,
          -0.4275472046,
          -2.0185980658
        ],
        [
          -0.0,
          1.0,
          0.0,
          0.0
        ],
        [
          0.0,
          0.0,
          0.0,
          1.0
        ]
      ]
    },
    {
      "file_path": "images/image_0020.png",
      "transform_matrix": [
        [
          0.4495996373,
          0.0,
          0.8932301865,
          4.2172483116
        ],
        [
          0.8932301865,
          0.0,
          -0.4495996373,
          -2.1227152195
        ],
        [
          -0.0,
          1.0,
          0.0,
          0.0
        ],
        [
          0.0,
          0.0,
          0.0,
          1.0
        ]
      ]
    },
    {
      "file_path": "images/image_0021.png",
      "transform_matrix": [
        [
          0.4713813443,
          0.0,
          0.8819294916,
          4.1638938268
        ],
        [
          0.8819294916,
          0.0,
          -0.4713813443,
          -2.2255541835
        ],
        [
          -0.0,
          1.0,
          0.0,
          0.0
        ],
        [
          0.0,
          0.0,
          0.0,
          1.0
        ]
      ]
    },
    {
      "file_path": "images/image_0022.png",
      "transform_matrix": [
        [
          0.4928792098,
          0.0,
          0.8700977443,
          4.1080320597
        ],
        [
          0.8700977443,
          0.0,
          -0.4928792098,
          -2.3270530335
        ],
        [
          -0.0,
          1.0,
          0.0,
          0.0
        ],
        [
          0.0,
          0.0,
          0.0,
          1.0
        ]
      ]
    },
    {
      "file_path": "images/image_0023.png",
      "transform_matrix": [
        [
          0.5140952591,
          0.0,
          0.8577330964,
          4.0496542851
        ],
        [
          0.8577330964,
          0.0,
          -0.5140952591,
          -2.4272213323
        ],
        [
          -0.0,
          1.0,
          0.0,
          0.0
        ],
        [
          0.0,
          0.0,
          0.0,
          1.0
        ]
      ]
    },
    {
      "file_path": "images/image_0024.png",
      "transform_matrix": [
        [
          0.5349865607,
          0.0,
          0.8448605683,
          3.9888786327
        ],
        [
          0.8448605683,
          0.0,
          -0.5349865607,
          -2.5258563851
        ],
        [
          -0.0,
          1.0,
          0.0,
          0.0
        ],
        [
          0.0,
          0.0,
          0.0,
          1.0
        ]
      ]
    },
    {
      "file_path": "images/image_0025.png",
      "transform_matrix": [
        [
          0.5555557211,
          0.0,
          0.8314793087,
          3.9257010832
        ],
        [
          0.8314793087,
          0.0,
          -0.5555557211,
          -2.6229704974
        ],
        [
          -0.0,
          1.0,
          0.0,
          0.0
        ],
        [
          0.0,
          0.0,
          0.0,
          1.0
        ]
      ]
    },
    {
      "file_path": "images/image_0026.png",
      "transform_matrix": [
        [
          0.5757903543,
          0.0,
          0.8175973751,
          3.8601596788
        ],
        [
          0.8175973751,
          0.0,
          -0.5757903543,
          -2.718505192
        ],
        [
          -0.0,
          1.0,
          0.0,
          0.0
        ],
        [
          0.0,
          0.0,
          0.0,
          1.0
        ]
      ]
    },
    {
      "file_path": "images/image_0027.png",
      "transform_matrix": [
        [
          0.5956922952,
          0.0,
          0.8032127299,
          3.7922447989
        ],
        [
          0.8032127299,
          0.0,
          -0.5956922952,
          -2.8124691305
        ],
        [
          -0.0,
          1.0,
          0.0,
          0.0
        ],
        [
          0.0,
          0.0,
          0.0,
          1.0
        ]
      ]
    },
    {
      "file_path": "images/image_0028.png",
      "transform_matrix": [
        [
          0.6152212711,
          0.0,
          0.7883544809,
          3.7220938721
        ],
        [
          0.7883544809,
          0.0,
          -0.6152212711,
          -2.9046721729
        ],
        [
          -0.0,
          1.0,
          0.0,
          0.0
        ],
        [
          0.0,
          0.0,
          0.0,
          1.0
        ]
      ]
    },
    {
      "file_path": "images/image_0029.png",
      "transform_matrix": [
        [
          0.6343797925,
          0.0,
          0.7730215255,
          3.6497016921
        ],
        [
          0.7730215255,
          0.0,
          -0.6343797925,
          -2.9951261714
        ],
        [
          -0.0,
          1.0,
          0.0,
          0.0
        ],
        [
          0.0,
          0.0,
          0.0,
          1.0
        ]
      ]
    },
    {
      "file_path": "images/image_0030.png",
      "transform_matrix": [
        [
          0.6531563231,
          0.0,
          0.7572230963,
          3.5751118499
        ],
        [
          0.7572230963,
          0.0,
          -0.6531563231,
          -3.0837766594
        ],
        [
          -0.0,
          1.0,
          0.0,
          0.0
        ],
        [
          0.0,
          0.0,
          0.0,
          1.0
        ]
      ]
    },
    {
      "file_path": "images/image_0031.png",
      "transform_matrix": [
        [
          0.6715524888,
          0.0,
          0.7409569858,
          3.4983139222
        ],
        [
          0.7409569858,
          0.0,
          -0.6715524888,
          -3.1706313135
        ],
        [
          -0.0,
          1.0,
          0.0,
          0.0
        ],
        [
          0.0,
          0.0,
          0.0,
          1.0
        ]
      ]
    },
    {
      "file_path": "images/image_0032.png",
      "transform_matrix": [
        [
          0.6895310643,
          0.0,
          0.724256109,
          3.4194633127
        ],
        [
          0.724256109,
          0.0,
          -0.6895310643,
          -3.2555143798
        ],
        [
          -0.0,
          1.0,
          0.0,
          0.0
        ],
        [
          0.0,
          0.0,
          0.0,
          1.0
        ]
      ]
    },
    {
      "file_path": "images/image_0033.png",
      "transform_matrix": [
        [
          0.7070944397,
          0.0,
          0.7071191224,
          3.3385536787
        ],
        [
          0.7071191224,
          0.0,
          -0.7070944397,
          -3.3384371432
        ],
        [
          -0.0,
          1.0,
          0.0,
          0.0
        ],
        [
          0.0,
          0.0,
          0.0,
          1.0
        ]
      ]
    },
    {
      "file_path": "images/image_0034.png",
      "transform_matrix": [
        [
          0.7242320393,
          0.0,
          0.6895563452,
          3.2556337396
        ],
        [
          0.6895563452,
          0.0,
          -0.7242320393,
          -3.4193496718
        ],
        [
          -0.0,
          1.0,
          0.0,
          0.0
        ],
        [
          0.0,
          0.0,
          0.0,
          1.0
        ]
      ]
    },
    {
      "file_path": "images/image_0035.png",
      "transform_matrix": [
        [
          0.7409452649,
          0.0,
          0.6715654208,
          3.1706923701
        ],
        [
          0.6715654208,
          0.0,
          -0.7409452649,
          -3.4982585837
        ],
        [
          -0.0,
          1.0,
          0.0,
          0.0
        ],
        [
          0.0,
          0.0,
          0.0,
          1.0
        ]
      ]
    },
    {
      "file_path": "images/image_0036.png",
      "transform_matrix": [
        [
          0.7572002964,
          0.0,
          0.6531827547,
          3.0839014524
        ],
        [
          0.6531827547,
          0.0,
          -0.7572002964,
          -3.5750042036
        ],
        [
          -0.0,
          1.0,
          0.0,
          0.0
        ],
        [
          0.0,
          0.0,
          0.0,
          1.0
        ]
      ]
    },
    {
      "file_path": "images/image_0037.png",
      "transform_matrix": [
        [
          0.772999381,
          0.0,
          0.6344067756,
          2.9952535682
        ],
        [
          0.6344067756,
          0.0,
          -0.772999381,
          -3.6495971403
        ],
        [
          -0.0,
          1.0,
          0.0,
          0.0
        ],
        [
          0.0,
          0.0,
          0.0,
          1.0
        ]
      ]
    },
    {
      "file_path": "images/image_0038.png",
      "transform_matrix": [
        [
          0.7883437432,
          0.0,
          0.6152350304,
          2.9047371352
        ],
        [
          0.6152350304,
          0.0,
          -0.7883437432,
          -3.7220431754
        ],
        [
          -0.0,
          1.0,
          0.0,
          0.0
        ],
        [
          0.0,
          0.0,
          0.0,
          1.0
        ]
      ]
    },
    {
      "file_path": "images/image_0039.png",
      "transform_matrix": [
        [
          0.803202333,
          0.0,
          0.5957063138,
          2.8125353172
        ],
        [
          0.5957063138,
          0.0,
          -0.803202333,
          -3.7921957114
        ],
        [
          -0.0,
          1.0,
          0.0,
          0.0
        ],
        [
          0.0,
          0.0,
          0.0,
          1.0
        ]
      ]
    },
    {
      "file_path": "images/image_0040.png",
      "transform_matrix": [
        [
          0.8175772758,
          0.0,
          0.5758188935,
          2.7186399353
        ],
        [
          0.5758188935,
          0.0,
          -0.8175772758,
          -3.8600647827
        ],
        [
          -0.0,
          1.0,
          0.0,
          0.0
        ],
        [
          0.0,
          0.0,
          0.0,
          1.0
        ]
      ]
    },
    {
      "file_path": "images/image_0041.png",
      "transform_matrix": [
        [
          0.8314599156,
          0.0,
          0.5555847448,
          2.6231075286
        ],
        [
          0.5555847448,
          0.0,
          -0.8314599156,
          -3.9256095218
        ],
        [
          -0.0,
          1.0,
          0.0,
          0.0
        ],
        [
          0.0,
          0.0,
          0.0,
          1.0
        ]
      ]
    },
    {
      "file_path": "images/image_0042.png",
      "transform_matrix": [
        [
          0.8448512309,
          0.0,
          0.5350013063,
          2.5259260038
        ],
        [
          0.5350013063,
          0.0,
          -0.8448512309,
          -3.9888345476
        ],
        [
          -0.0,
          1.0,
          0.0,
          0.0
        ],
        [
          0.0,
          0.0,
          0.0,
          1.0
        ]
      ]
    },
    {
      "file_path": "images/image_0043.png",
      "transform_matrix": [
        [
          0.8577241236,
          0.0,
          0.5141102293,
          2.4272920117
        ],
        [
          0.5141102293,
          0.0,
          -0.8577241236,
          -4.0496119215
        ],
        [
          -0.0,
          1.0,
          0.0,
          0.0
        ],
        [
          0.0,
          0.0,
          0.0,
          1.0
        ]
      ]
    },
    {
      "file_path": "images/image_0044.png",
      "transform_matrix": [
        [
          0.870080539,
          0.0,
          0.4929095816,
          2.3271964295
        ],
        [
          0.4929095816,
          0.0,
          -0.870080539,
          -4.1079508277
        ],
        [
          -0.0,
          1.0,
          0.0,
          0.0
        ],
        [
          0.0,
          0.0,
          0.0,
          1.0
        ]
      ]
    },
    {
      "file_path": "images/image_0045.png",
      "transform_matrix": [
        [
          0.8819130368,
          0.0,
          0.4714121292,
          2.2256995295
        ],
        [
          0.4714121292,
          0.0,
          -0.8819130368,
          -4.1638161377
        ],
        [
          -0.0,
          1.0,
          0.0,
          0.0
        ],
        [
          0.0,
          0.0,
          0.0,
          1.0
        ]
      ]
    },
    {
      "file_path": "images/image_0046.png",
      "transform_matrix": [
        [
          0.893214492,
          0.0,
          0.4496308167,
          2.1228624279
        ],
        [
          0.4496308167,
          0.0,
          -0.893214492,
          -4.2171742122
        ],
        [
          -0.0,
          1.0,
          0.0,
          0.0
        ],
        [
          0.0,
          0.0,
          0.0,
          1.0
        ]
      ]
    },
    {
      "file_path": "images/image_0047.png",
      "transform_matrix": [
        [
          0.903985562,
          0.0,
          0.4275629822,
          2.0186725572
        ],
        [
          0.4275629822,
          0.0,
          -0.903985562,
          -4.2680281549
        ],
        [
          -0.0,
          1.0,
          0.0,
          0.0
        ],
        [
          0.0,
          0.0,
          0.0,
          1.0
        ]
      ]
    },
    {
      "file_path": "images/image_0048.png",
      "transform_matrix": [
        [
          0.914204451,
          0.0,
          0.4052532809,
          1.9133407498
        ],
        [
          0.4052532809,
          0.0,
          -0.914204451,
          -4.3162750607
        ],
        [
          -0.0,
          1.0,
          0.0,
          0.0
        ],
        [
          0.0,
          0.0,
          0.0,
          1.0
        ]
      ]
    },
    {
      "file_path": "images/image_0049.png",
      "transform_matrix": [
        [
          0.9238728533,
          0.0,
          0.382699557,
          1.8068568272
        ],
        [
          0.382699557,
          0.0,
          -0.9238728533,
          -4.3619229281
        ],
        [
          -0.0,
          1.0,
          0.0,
          0.0
        ],
        [
          0.0,
          0.0,
          0.0,
          1.0
        ]
      ]
    },
    {
      "file_path": "images/image_0050.png",
      "transform_matrix": [
        [
          0.9329912285,
          0.0,
          0.3598991075,
          1.6992080275
        ],
        [
          0.3598991075,
          0.0,
          -0.9329912285,
          -4.4049739277
        ],
        [
          -0.0,
          1.0,
          0.0,
          0.0
        ],
        [
          0.0,
          0.0,
          0.0,
          1.0
        ]
      ]
    },
    {
      "file_path": "images/image_0051.png",
      "transform_matrix": [
        [
          0.9415411252,
          0.0,
          0.3368980699,
          1.5906121825
        ],
        [
          0.3368980699,
          0.0,
          -0.9415411252,
          -4.4453409441
        ],
        [
          -0.0,
          1.0,
          0.0,
          0.0
        ],
        [
          0.0,
          0.0,
          0.0,
          1.0
        ]
      ]
    },
    {
      "file_path": "images/image_0052.png",
      "transform_matrix": [
        [
          0.9495240744,
          0.0,
          0.3136941697,
          1.4810585528
        ],
        [
          0.3136941697,
          0.0,
          -0.9495240744,
          -4.4830312053
        ],
        [
          -0.0,
          1.0,
          0.0,
          0.0
        ],
        [
          0.0,
          0.0,
          0.0,
          1.0
        ]
      ]
    },
    {
      "file_path": "images/image_0053.png",
      "transform_matrix": [
        [
          0.9569352692,
          0.0,
          0.290301379,
          1.370613106
        ],
        [
          0.290301379,
          0.0,
          -0.9569352692,
          -4.5180220161
        ],
        [
          -0.0,
          1.0,
          0.0,
          0.0
        ],
        [
          0.0,
          0.0,
          0.0,
          1.0
        ]
      ]
    },
    {
      "file_path": "images/image_0054.png",
      "transform_matrix": [
        [
          0.9637702468,
          0.0,
          0.2667337837,
          1.2593423466
        ],
        [
          0.2667337837,
          0.0,
          -0.9637702468,
          -4.5502923069
        ],
        [
          -0.0,
          1.0,
          0.0,
          0.0
        ],
        [
          0.0,
          0.0,
          0.0,
          1.0
        ]
      ]
    },
    {
      "file_path": "images/image_0055.png",
      "transform_matrix": [
        [
          0.9700291328,
          0.0,
          0.242988645,
          1.147233343
        ],
        [
          0.242988645,
          0.0,
          -0.9700291328,
          -4.5798426699
        ],
        [
          -0.0,
          1.0,
          0.0,
          0.0
        ],
        [
          0.0,
          0.0,
          0.0,
          1.0
        ]
      ]
    },
    {
      "file_path": "images/image_0056.png",
      "transform_matrix": [
        [
          0.9756992619,
          0.0,
          0.219114012,
          1.0345129523
        ],
        [
          0.219114012,
          0.0,
          -0.9756992619,
          -4.6066133087
        ],
        [
          -0.0,
          1.0,
          0.0,
          0.0
        ],
        [
          0.0,
          0.0,
          0.0,
          1.0
        ]
      ]
    },
    {
      "file_path": "images/image_0057.png",
      "transform_matrix": [
        [
          0.9807818753,
          0.0,
          0.1951074399,
          0.9211696313
        ],
        [
          0.1951074399,
          0.0,
          -0.9807818753,
          -4.6306100823
        ],
        [
          -0.0,
          1.0,
          0.0,
          0.0
        ],
        [
          0.0,
          0.0,
          0.0,
          1.0
        ]
      ]
    },
    {
      "file_path": "images/image_0058.png",
      "transform_matrix": [
        [
          0.9852768964,
          0.0,
          0.1709661878,
          0.8071904397
        ],
        [
          0.1709661878,
          0.0,
          -0.9852768964,
          -4.6518326301
        ],
        [
          -0.0,
          1.0,
          0.0,
          0.0
        ],
        [
          0.0,
          0.0,
          0.0,
          1.0
        ]
      ]
    },
    {
      "file_path": "images/image_0059.png",
      "transform_matrix": [
        [
          0.9891752295,
          0.0,
          0.1467391066,
          0.6928060192
        ],
        [
          0.1467391066,
          0.0,
          -0.9891752295,
          -4.6702380072
        ],
        [
          -0.0,
          1.0,
          0.0,
          0.0
        ],
        [
          0.0,
          0.0,
          0.0,
          1.0
        ]
      ]
    },
    {
      "file_path": "images/image_0060.png",
      "transform_matrix": [
        [
          0.9924779322,
          0.0,
          0.1224236667,
          0.5780044266
        ],
        [
          0.1224236667,
          0.0,
          -0.9924779322,
          -4.6858312077
        ],
        [
          -0.0,
          1.0,
          0.0,
          0.0
        ],
        [
          0.0,
          0.0,
          0.0,
          1.0
        ]
      ]
    },
    {
      "file_path": "images/image_0061.png",
      "transform_matrix": [
        [
          0.9951830158,
          0.0,
          0.0980345096,
          0.4628547895
        ],
        [
          0.0980345096,
          0.0,
          -0.9951830158,
          -4.6986028421
        ],
        [
          -0.0,
          1.0,
          0.0,
          0.0
        ],
        [
          0.0,
          0.0,
          0.0,
          1.0
        ]
      ]
    },
    {
      "file_path": "images/image_0062.png",
      "transform_matrix": [
        [
          0.9972888515,
          0.0,
          0.0735863211,
          0.3474264451
        ],
        [
          0.0735863211,
          0.0,
          -0.9972888515,
          -4.7085452201
        ],
        [
          -0.0,
          1.0,
          0.0,
          0.0
        ],
        [
          0.0,
          0.0,
          0.0,
          1.0
        ]
      ]
    },
    {
      "file_path": "images/image_0063.png",
      "transform_matrix": [
        [
          0.998795028,
          0.0,
          0.0490763905,
          0.2317065947
        ],
        [
          0.0490763905,
          0.0,
          -0.998795028,
          -4.7156563995
        ],
        [
          -0.0,
          1.0,
          0.0,
          0.0
        ],
        [
          0.0,
          0.0,
          0.0,
          1.0
        ]
      ]
    },
    {
      "file_path": "images/image_0064.png",
      "transform_matrix": [
        [
          0.9996984974,
          0.0,
          0.0245543145,
          0.1159294022
        ],
        [
          0.0245543145,
          0.0,
          -0.9996984974,
          -4.7199219907
        ],
        [
          -0.0,
          1.0,
          0.0,
          0.0
        ],
        [
          0.0,
          0.0,
          0.0,
          1.0
        ]
      ]
    },
    {
      "file_path": "images/image_0065.png",
      "transform_matrix": [
        [
          0.9999999998,
          0.0,
          1.74533e-05,
          8.2403e-05
        ],
        [
          1.74533e-05,
          0.0,
          -0.9999999998,
          -4.7213454881
        ],
        [
          -0.0,
          1.0,
          0.0,
          0.0
        ],
        [
          0.0,
          0.0,
          0.0,
          1.0
        ]
      ]
    },
    {
      "file_path": "images/image_0066.png",
      "transform_matrix": [
        [
          0.9996993539,
          0.0,
          -0.0245194185,
          -0.1157646458
        ],
        [
          -0.0245194185,
          0.0,
          -0.9996993539,
          -4.7199260345
        ],
        [
          0.0,
          1.0,
          0.0,
          0.0
        ],
        [
          0.0,
          0.0,
          0.0,
          1.0
        ]
      ]
    },
    {
      "file_path": "images/image_0067.png",
      "transform_matrix": [
        [
          0.9987958844,
          0.0,
          -0.0490589582,
          -0.2316242909
        ],
        [
          -0.0490589582,
          0.0,
          -0.9987958844,
          -4.7156604428
        ],
        [
          0.0,
          1.0,
          0.0,
          0.0
        ],
        [
          0.0,
          0.0,
          0.0,
          1.0
        ]
      ]
    },
    {
      "file_path": "images/image_0068.png",
      "transform_matrix": [
        [
          0.9972914196,
          0.0,
          -0.0735515091,
          -0.3472620856
        ],
        [
          -0.0735515091,
          0.0,
          -0.9972914196,
          -4.7085573447
        ],
        [
          0.0,
          1.0,
          0.0,
          0.0
        ],
        [
          0.0,
          0.0,
          0.0,
          1.0
        ]
      ]
    },
    {
      "file_path": "images/image_0069.png",
      "transform_matrix": [
        [
          0.9951864372,
          0.0,
          -0.0979997711,
          -0.462690777
        ],
        [
          -0.0979997711,
          0.0,
          -0.9951864372,
          -4.698618996
        ],
        [
          0.0,
          1.0,
          0.0,
          0.0
        ],
        [
          0.0,
          0.0,
          0.0,
          1.0
        ]
      ]
    },
    {
      "file_path": "images/image_0070.png",
      "transform_matrix": [
        [
          0.9924800687,
          0.0,
          -0.1224063447,
          -0.5779226433
        ],
        [
          -0.1224063447,
          0.0,
          -0.9924800687,
          -4.6858412951
        ],
        [
          0.0,
          1.0,
          0.0,
          0.0
        ],
        [
          0.0,
          0.0,
          0.0,
          1.0
        ]
      ]
    },
    {
      "file_path": "images/image_0071.png",
      "transform_matrix": [
        [
          0.9891777904,
          0.0,
          -0.1467218423,
          -0.692724508
        ],
        [
          -0.1467218423,
          0.0,
          -0.9891777904,
          -4.6702500983
        ],
        [
          0.0,
          1.0,
          0.0,
          0.0
        ],
        [
          0.0,
          0.0,
          0.0,
          1.0
        ]
      ]
    },
    {
      "file_path": "images/image_0072.png",
      "transform_matrix": [
        [
          0.9852798802,
          0.0,
          -0.1709489915,
          -0.8071092498
        ],
        [
          -0.1709489915,
          0.0,
          -0.9852798802,
          -4.6518467175
        ],
        [
          0.0,
          1.0,
          0.0,
          0.0
        ],
        [
          0.0,
          0.0,
          0.0,
          1.0
        ]
      ]
    },
    {
      "file_path": "images/image_0073.png",
      "transform_matrix": [
        [
          0.9807886852,
          0.0,
          -0.1950732041,
          -0.9210079919
        ],
        [
          -0.1950732041,
          0.0,
          -0.9807886852,
          -4.6306422344
        ],
        [
          0.0,
          1.0,
          0.0,
          0.0
        ],
        [
          0.0,
          0.0,
          0.0,
          1.0
        ]
      ]
    },
    {
      "file_path": "images/image_0074.png",
      "transform_matrix": [
        [
          0.9757069099,
          0.0,
          -0.2190799536,
          -1.0343521505
        ],
        [
          -0.2190799536,
          0.0,
          -0.9757069099,
          -4.6066494172
        ],
        [
          0.0,
          1.0,
          0.0,
          0.0
        ],
        [
          0.0,
          0.0,
          0.0,
          1.0
        ]
      ]
    },
    {
      "file_path": "images/image_0075.png",
      "transform_matrix": [
        [
          0.9700333736,
          0.0,
          -0.2429717148,
          -1.1471534094
        ],
        [
          -0.2429717148,
          0.0,
          -0.9700333736,
          -4.5798626922
        ],
        [
          0.0,
          1.0,
          0.0,
          0.0
        ],
        [
          0.0,
          0.0,
          0.0,
          1.0
        ]
      ]
    },
    {
      "file_path": "images/image_0076.png",
      "transform_matrix": [
        [
          0.963779557,
          0.0,
          -0.2667001417,
          -1.2591835106
        ],
        [
          -0.2667001417,
          0.0,
          -0.963779557,
          -4.5503362635
        ],
        [
          0.0,
          1.0,
          0.0,
          0.0
        ],
        [
          0.0,
          0.0,
          0.0,
          1.0
        ]
      ]
    },
    {
      "file_path": "images/image_0077.png",
      "transform_matrix": [
        [
          0.956945402,
          0.0,
          -0.2902679755,
          -1.3704553964
        ],
        [
          -0.2902679755,
          0.0,
          -0.956945402,
          -4.5180698568
        ],
        [
          0.0,
          1.0,
          0.0,
          0.0
        ],
        [
          0.0,
          0.0,
          0.0,
          1.0
        ]
      ]
    },
    {
      "file_path": "images/image_0078.png",
      "transform_matrix": [
        [
          0.9495295493,
          0.0,
          -0.3136775973,
          -1.4809803089
        ],
        [
          -0.3136775973,
          0.0,
          -0.9495295493,
          -4.4830570539
        ],
        [
          0.0,
          1.0,
          0.0,
          0.0
        ],
        [
          0.0,
          0.0,
          0.0,
          1.0
        ]
      ]
    },
    {
      "file_path": "images/image_0079.png",
      "transform_matrix": [
        [
          0.9415470051,
          0.0,
          -0.3368816369,
          -1.5905345964
        ],
        [
          -0.3368816369,
          0.0,
          -0.9415470051,
          -4.4453687048
        ],
        [
          0.0,
          1.0,
          0.0,
          0.0
        ],
        [
          0.0,
          0.0,
          0.0,
          1.0
        ]
      ]
    },
    {
      "file_path": "images/image_0080.png",
      "transform_matrix": [
        [
          0.9329975098,
          0.0,
          -0.3598828237,
          -1.699131146
        ],
        [
          -0.3598828237,
          0.0,
          -0.9329975098,
          -4.4050035838
        ],
        [
          0.0,
          1.0,
          0.0,
          0.0
        ],
        [
          0.0,
          0.0,
          0.0,
          1.0
        ]
      ]
    },
    {
      "file_path": "images/image_0081.png",
      "transform_matrix": [
        [
          0.9238862115,
          0.0,
          -0.3826673076,
          -1.8067045663
        ],
        [
          -0.3826673076,
          0.0,
          -0.9238862115,
          -4.3619859966
        ],
        [
          0.0,
          1.0,
          0.0,
          0.0
        ],
        [
          0.0,
          0.0,
          0.0,
          1.0
        ]
      ]
    },
    {
      "file_path": "images/image_0082.png",
      "transform_matrix": [
        [
          0.9142115239,
          0.0,
          -0.405237325,
          -1.9132654163
        ],
        [
          -0.405237325,
          0.0,
          -0.9142115239,
          -4.3163084541
        ],
        [
          0.0,
          1.0,
          0.0,
          0.0
        ],
        [
          0.0,
          0.0,
          0.0,
          1.0
        ]
      ]
    },
    {
      "file_path": "images/image_0083.png",
      "transform_matrix": [
        [
          0.9039930242,
          0.0,
          -0.4275472046,
          -2.0185980658
        ],
        [
          -0.4275472046,
          0.0,
          -0.9039930242,
          -4.2680633867
        ],
        [
          0.0,
          1.0,
          0.0,
          0.0
        ],
        [
          0.0,
          0.0,
          0.0,
          1.0
        ]
      ]
    },
    {
      "file_path": "images/image_0084.png",
      "transform_matrix": [
        [
          0.8932301865,
          0.0,
          -0.4495996373,
          -2.1227152195
        ],
        [
          -0.4495996373,
          0.0,
          -0.8932301865,
          -4.2172483116
        ],
        [
          0.0,
          1.0,
          0.0,
          0.0
        ],
        [
          0.0,
          0.0,
          0.0,
          1.0
        ]
      ]
    },
    {
      "file_path": "images/image_0085.png",
      "transform_matrix": [
        [
          0.8819294916,
          0.0,
          -0.4713813443,
          -2.2255541835
        ],
        [
          -0.4713813443,
          0.0,
          -0.8819294916,
          -4.1638938268
        ],
        [
          0.0,
          1.0,
          0.0,
          0.0
        ],
        [
          0.0,
          0.0,
          0.0,
          1.0
        ]
      ]
    },
    {
