{
  "camera_angle_x": 0.7853981633974483,
  "fl_x": 2414.213562373095,
  "fl_y": 2414.213562373095,
  "w": 2000,
  "h": 2000,
  "cx": 1000,
  "cy": 1000,
  "frames": [
    {
      "file_path": "pics_0/out000.png",
      "transform_matrix": [
        [
          0,
          -6.123233995736757e-17,
          1,
          4.5
        ],
        [
          1,
          0,
          0,
          0
        ],
        [
          0,
          1,
          6.123233995736757e-17,
          2.755455298081541e-16
        ],
        [
          0,
          0,
          0,
          1
        ]
      ]
    },
    {
      "file_path": "pics_0/out016.png",
      "transform_matrix": [
        [
          -0.3826834323650897,
          -5.657130561438494e-17,
          0.9238795325112868,
          4.15745789630079
        ],
        [
          0.9238795325112866,
          -2.3432602026631462e-17,
          0.38268343236508984,
          1.722075445642904
        ],
        [
          3.0814879110195774e-33,
          1,
          6.123233995736759e-17,
          2.755455298081541e-16
        ],
        [
          0,
          0,
          0,
          1
        ]
      ]
    },
    {
      "file_path": "pics_0/out032.png",
      "transform_matrix": [
        [
          -0.7071067811865475,
          -4.329780281177461e-17,
          0.7071067811865476,
          3.1819805153394642
        ],
        [
          0.7071067811865476,
          -4.32978028117746e-17,
          0.7071067811865475,
          3.181980515339464
        ],
        [
          0,
          1,
          6.123233995736757e-17,
          2.755455298081541e-16
        ],
        [
          0,
          0,
          0,
          1
        ]
      ]
    },
    {
      "file_path": "pics_0/out048.png",
      "transform_matrix": [
        [
          -0.9238795325112866,
          -2.3432602026631465e-17,
          0.3826834323650899,
          1.7220754456429042
        ],
        [
          0.3826834323650898,
          -5.657130561438494e-17,
          0.9238795325112868,
          4.15745789630079
        ],
        [
          -3.0814879110195774e-33,
          1,
          6.123233995736759e-17,
          2.755455298081541e-16
        ],
        [
          0,
          0,
          0,
          1
        ]
      ]
    },
    {
      "file_path": "pics_0/out064.png",
      "transform_matrix": [
        [
          -1,
          -3.749399456654634e-33,
          6.123233995736757e-17,
          2.755455298081541e-16
        ],
        [
          6.123233995736757e-17,
          -6.123233995736757e-17,
          1,
          4.5
        ],
        [
          0,
          1,
          6.123233995736757e-17,
          2.755455298081541e-16
        ],
        [
          0,
          0,
          0,
          1
        ]
      ]
    },
    {
      "file_path": "pics_0/out080.png",
      "transform_matrix": [
        [
          -0.9238795325112866,
          2.343260202663146e-17,
          -0.3826834323650898,
          -1.7220754456429037
        ],
        [
          -0.38268343236508967,
          -5.657130561438494e-17,
          0.9238795325112868,
          4.15745789630079
        ],
        [
          6.162975822039155e-33,
          1,
          6.123233995736757e-17,
          2.755455298081541e-16
        ],
        [
          0,
          0,
          0,
          1
        ]
      ]
    },
    {
      "file_path": "pics_0/out096.png",
      "transform_matrix": [
        [
          -0.7071067811865476,
          4.32978028117746e-17,
          -0.7071067811865475,
          -3.181980515339464
        ],
        [
          -0.7071067811865475,
          -4.329780281177461e-17,
          0.7071067811865476,
          3.1819805153394642
        ],
        [
          0,
          1,
          6.123233995736757e-17,
          2.755455298081541e-16
        ],
        [
          0,
          0,
          0,
          1
        ]
      ]
    },
    {
      "file_path": "pics_0/out112.png",
      "transform_matrix": [
        [
          -0.3826834323650898,
          5.657130561438494e-17,
          -0.9238795325112868,
          -4.15745789630079
        ],
        [
          -0.9238795325112866,
          -2.3432602026631465e-17,
          0.3826834323650899,
          1.7220754456429042
        ],
        [
          -3.0814879110195774e-33,
          1,
          6.123233995736759e-17,
          2.755455298081541e-16
        ],
        [
          0,
          0,
          0,
          1
        ]
      ]
    },
    {
      "file_path": "pics_0/out128.png",
      "transform_matrix": [
        [
          -1.2246467991473515e-16,
          6.123233995736757e-17,
          -1,
          -4.5
        ],
        [
          -1,
          -7.498798913309268e-33,
          1.2246467991473515e-16,
          5.510910596163082e-16
        ],
        [
          0,
          1,
          6.123233995736757e-17,
          2.755455298081541e-16
        ],
        [
          0,
          0,
          0,
          1
        ]
      ]
    },
    {
      "file_path": "pics_0/out144.png",
      "transform_matrix": [
        [
          0.3826834323650892,
          5.657130561438496e-17,
          -0.9238795325112871,
          -4.157457896300791
        ],
        [
          -0.9238795325112868,
          2.343260202663143e-17,
          -0.38268343236508934,
          -1.7220754456429015
        ],
        [
          0,
          1,
          6.12323399573676e-17,
          2.755455298081541e-16
        ],
        [
          0,
          0,
          0,
          1
        ]
      ]
    },
    {
      "file_path": "pics_0/out160.png",
      "transform_matrix": [
        [
          0.7071067811865474,
          4.32978028117746e-17,
          -0.7071067811865477,
          -3.1819805153394647
        ],
        [
          -0.7071067811865476,
          4.329780281177459e-17,
          -0.7071067811865475,
          -3.181980515339464
        ],
        [
          0,
          1,
          6.123233995736757e-17,
          2.755455298081541e-16
        ],
        [
          0,
          0,
          0,
          1
        ]
      ]
    },
    {
      "file_path": "pics_0/out176.png",
      "transform_matrix": [
        [
          0.9238795325112868,
          2.343260202663144e-17,
          -0.3826834323650895,
          -1.7220754456429028
        ],
        [
          -0.3826834323650895,
          5.657130561438494e-17,
          -0.9238795325112868,
          -4.157457896300791
        ],
        [
          -3.0814879110195774e-33,
          1,
          6.123233995736756e-17,
          2.755455298081541e-16
        ],
        [
          0,
          0,
          0,
          1
        ]
      ]
    },
    {
      "file_path": "pics_0/out192.png",
      "transform_matrix": [
        [
          1,
          1.12481983699639e-32,
          -1.8369701987210272e-16,
          -8.2663658942446225e-16
        ],
        [
          -1.8369701987210272e-16,
          6.123233995736757e-17,
          -1,
          -4.5
        ],
        [
          0,
          1,
          6.123233995736757e-17,
          2.755455298081541e-16
        ],
        [
          0,
          0,
          0,
          1
        ]
      ]
    },
    {
      "file_path": "pics_0/out208.png",
      "transform_matrix": [
        [
          0.9238795325112864,
          -2.3432602026631468e-17,
          0.38268343236509006,
          1.722075445642905
        ],
        [
          0.38268343236508995,
          5.657130561438491e-17,
          -0.9238795325112866,
          -4.15745789630079
        ],
        [
          0,
          0.9999999999999998,
          6.123233995736757e-17,
          2.755455298081541e-16
        ],
        [
          0,
          0,
          0,
          1
        ]
      ]
    },
    {
      "file_path": "pics_0/out224.png",
      "transform_matrix": [
        [
          0.7071067811865476,
          -4.329780281177459e-17,
          0.7071067811865475,
          3.181980515339464
        ],
        [
          0.7071067811865474,
          4.32978028117746e-17,
          -0.7071067811865477,
          -3.1819805153394647
        ],
        [
          0,
          1,
          6.123233995736757e-17,
          2.755455298081541e-16
        ],
        [
          0,
          0,
          0,
          1
        ]
      ]
    },
    {
      "file_path": "pics_0/out240.png",
      "transform_matrix": [
        [
          0.38268343236508956,
          -5.657130561438494e-17,
          0.9238795325112868,
          4.157457896300791
        ],
        [
          0.9238795325112868,
          2.3432602026631444e-17,
          -0.38268343236508956,
          -1.722075445642903
        ],
        [
          -3.0814879110195774e-33,
          1,
          6.123233995736757e-17,
          2.755455298081541e-16
        ],
        [
          0,
          0,
          0,
          1
        ]
      ]
    }
  ]
}