{
  "camera_angle_x": 0.7853981633974483,
  "fl_x": 2414.213562373095,
  "fl_y": 2414.213562373095,
  "w": 2000,
  "h": 2000,
  "cx": 1000,
  "cy": 1000,
  "frames": [
    {
      "file_path": "pics_7/out007.png",
      "transform_matrix": [
        [
          -0.17096188876030122,
          -6.033085555115329e-17,
          0.9852776423889413,
          4.433749390750235
        ],
        [
          0.9852776423889411,
          -1.0468396492324425e-17,
          0.17096188876030124,
          0.7693284994213555
        ],
        [
          0,
          1,
          6.123233995736759e-17,
          2.755455298081541e-16
        ],
        [
          0,
          0,
          0,
          1
        ]
      ]
    },
    {
      "file_path": "pics_7/out023.png",
      "transform_matrix": [
        [
          -0.5349976198870972,
          -5.173236072156409e-17,
          0.8448535652497071,
          3.801841043623682
        ],
        [
          0.8448535652497071,
          -3.2759156137309247e-17,
          0.5349976198870972,
          2.407489289491937
        ],
        [
          0,
          1,
          6.123233995736757e-17,
          2.755455298081541e-16
        ],
        [
          0,
          0,
          0,
          1
        ]
      ]
    },
    {
      "file_path": "pics_7/out039.png",
      "transform_matrix": [
        [
          -0.8175848131515835,
          -3.52580829271345e-17,
          0.5758081914178456,
          2.591136861380305
        ],
        [
          0.5758081914178454,
          -5.0062631222878624e-17,
          0.8175848131515837,
          3.6791316591821266
        ],
        [
          6.162975822039155e-33,
          1,
          6.12323399573676e-17,
          2.7554552980815413e-16
        ],
        [
          0,
          0,
          0,
          1
        ]
      ]
    },
    {
      "file_path": "pics_7/out055.png",
      "transform_matrix": [
        [
          -0.9757021300385285,
          -1.3416081622366287e-17,
          0.2191012401568698,
          0.985955580705914
        ],
        [
          0.21910124015686974,
          -5.974452452364686e-17,
          0.9757021300385287,
          4.390659585173379
        ],
        [
          1.5407439555097887e-33,
          1,
          6.12323399573676e-17,
          2.7554552980815413e-16
        ],
        [
          0,
          0,
          0,
          1
        ]
      ]
    },
    {
      "file_path": "pics_7/out071.png",
      "transform_matrix": [
        [
          -0.9852776423889411,
          1.0468396492324426e-17,
          -0.17096188876030127,
          -0.7693284994213556
        ],
        [
          -0.17096188876030124,
          -6.033085555115329e-17,
          0.9852776423889413,
          4.433749390750235
        ],
        [
          0,
          1,
          6.123233995736759e-17,
          2.755455298081541e-16
        ],
        [
          0,
          0,
          0,
          1
        ]
      ]
    },
    {
      "file_path": "pics_7/out087.png",
      "transform_matrix": [
        [
          -0.8448535652497071,
          3.275915613730924e-17,
          -0.534997619887097,
          -2.4074892894919366
        ],
        [
          -0.5349976198870969,
          -5.173236072156411e-17,
          0.8448535652497073,
          3.801841043623683
        ],
        [
          -3.0814879110195774e-33,
          1,
          6.12323399573676e-17,
          2.755455298081541e-16
        ],
        [
          0,
          0,
          0,
          1
        ]
      ]
    },
    {
      "file_path": "pics_7/out103.png",
      "transform_matrix": [
        [
          -0.5758081914178454,
          5.0062631222878624e-17,
          -0.8175848131515837,
          -3.679131659182126
        ],
        [
          -0.8175848131515835,
          -3.52580829271345e-17,
          0.5758081914178456,
          2.5911368613803045
        ],
        [
          6.162975822039155e-33,
          1,
          6.12323399573676e-17,
          2.7554552980815413e-16
        ],
        [
          0,
          0,
          0,
          1
        ]
      ]
    },
    {
      "file_path": "pics_7/out119.png",
      "transform_matrix": [
        [
          -0.21910124015687,
          5.974452452364683e-17,
          -0.9757021300385283,
          -4.390659585173378
        ],
        [
          -0.9757021300385283,
          -1.3416081622366299e-17,
          0.21910124015687,
          0.9859555807059152
        ],
        [
          0,
          0.9999999999999998,
          6.123233995736756e-17,
          2.7554552980815403e-16
        ],
        [
          0,
          0,
          0,
          1
        ]
      ]
    },
    {
      "file_path": "pics_7/out135.png",
      "transform_matrix": [
        [
          0.1709618887603014,
          6.033085555115329e-17,
          -0.9852776423889413,
          -4.433749390750235
        ],
        [
          -0.9852776423889411,
          1.0468396492324436e-17,
          -0.17096188876030144,
          -0.7693284994213563
        ],
        [
          -1.5407439555097887e-33,
          1,
          6.123233995736759e-17,
          2.755455298081541e-16
        ],
        [
          0,
          0,
          0,
          1
        ]
      ]
    },
    {
      "file_path": "pics_7/out151.png",
      "transform_matrix": [
        [
          0.5349976198870969,
          5.173236072156411e-17,
          -0.8448535652497073,
          -3.801841043623683
        ],
        [
          -0.8448535652497071,
          3.275915613730924e-17,
          -0.534997619887097,
          -2.4074892894919366
        ],
        [
          -3.0814879110195774e-33,
          1,
          6.12323399573676e-17,
          2.755455298081541e-16
        ],
        [
          0,
          0,
          0,
          1
        ]
      ]
    },
    {
      "file_path": "pics_7/out167.png",
      "transform_matrix": [
        [
          0.8175848131515836,
          3.5258082927134486e-17,
          -0.5758081914178453,
          -2.5911368613803036
        ],
        [
          -0.5758081914178452,
          5.006263122287863e-17,
          -0.8175848131515838,
          -3.6791316591821266
        ],
        [
          6.162975822039155e-33,
          1,
          6.12323399573676e-17,
          2.755455298081541e-16
        ],
        [
          0,
          0,
          0,
          1
        ]
      ]
    },
    {
      "file_path": "pics_7/out183.png",
      "transform_matrix": [
        [
          0.9757021300385283,
          1.3416081622366307e-17,
          -0.2191012401568701,
          -0.9859555807059155
        ],
        [
          -0.2191012401568701,
          5.974452452364683e-17,
          -0.9757021300385283,
          -4.390659585173378
        ],
        [
          -1.540743955509788e-33,
          0.9999999999999998,
          6.123233995736756e-17,
          2.7554552980815403e-16
        ],
        [
          0,
          0,
          0,
          1
        ]
      ]
    },
    {
      "file_path": "pics_7/out199.png",
      "transform_matrix": [
        [
          0.9852776423889411,
          -1.046839649232443e-17,
          0.17096188876030133,
          0.769328499421356
        ],
        [
          0.1709618887603013,
          6.033085555115329e-17,
          -0.9852776423889413,
          -4.433749390750235
        ],
        [
          0,
          1,
          6.123233995736759e-17,
          2.755455298081541e-16
        ],
        [
          0,
          0,
          0,
          1
        ]
      ]
    },
    {
      "file_path": "pics_7/out215.png",
      "transform_matrix": [
        [
          0.8448535652497072,
          -3.2759156137309234e-17,
          0.5349976198870969,
          2.4074892894919357
        ],
        [
          0.5349976198870969,
          5.17323607215641e-17,
          -0.8448535652497072,
          -3.801841043623683
        ],
        [
          0,
          1,
          6.123233995736757e-17,
          2.755455298081541e-16
        ],
        [
          0,
          0,
          0,
          1
        ]
      ]
    },
    {
      "file_path": "pics_7/out231.png",
      "transform_matrix": [
        [
          0.5758081914178457,
          -5.006263122287858e-17,
          0.8175848131515834,
          3.6791316591821244
        ],
        [
          0.8175848131515832,
          3.5258082927134505e-17,
          -0.5758081914178458,
          -2.5911368613803063
        ],
        [
          0,
          0.9999999999999998,
          6.123233995736757e-17,
          2.755455298081541e-16
        ],
        [
          0,
          0,
          0,
          1
        ]
      ]
    },
    {
      "file_path": "pics_7/out247.png",
      "transform_matrix": [
        [
          0.21910124015686927,
          -5.974452452364686e-17,
          0.9757021300385287,
          4.39065958517338
        ],
        [
          0.9757021300385287,
          1.3416081622366254e-17,
          -0.21910124015686927,
          -0.985955580705912
        ],
        [
          1.5407439555097887e-33,
          1,
          6.123233995736757e-17,
          2.7554552980815413e-16
        ],
        [
          0,
          0,
          0,
          1
        ]
      ]
    }
  ]
}