{
  "camera_angle_x": 0.7853981633974483,
  "fl_x": 2414.213562373095,
  "fl_y": 2414.213562373095,
  "w": 2000,
  "h": 2000,
  "cx": 1000,
  "cy": 1000,
  "frames": [
    {
      "file_path": "pics/out000.png",
      "transform_matrix": [
        [
          0,
          -6.123233995736757e-17,
          1,
          4.5
        ],
        [
          1,
          0,
          0,
          0
        ],
        [
          0,
          1,
          6.123233995736757e-17,
          2.755455298081541e-16
        ],
        [
          0,
          0,
          0,
          1
        ]
      ]
    },
    {
      "file_path": "pics/out016.png",
      "transform_matrix": [
        [
          -0.3826834323650897,
          -5.657130561438494e-17,
          0.9238795325112868,
          4.15745789630079
        ],
        [
          0.9238795325112866,
          -2.3432602026631462e-17,
          0.38268343236508984,
          1.722075445642904
        ],
        [
          3.0814879110195774e-33,
          1,
          6.123233995736759e-17,
          2.755455298081541e-16
        ],
        [
          0,
          0,
          0,
          1
        ]
      ]
    },
    {
      "file_path": "pics/out032.png",
      "transform_matrix": [
        [
          -0.7071067811865475,
          -4.329780281177461e-17,
          0.7071067811865476,
          3.1819805153394642
        ],
        [
          0.7071067811865476,
          -4.32978028117746e-17,
          0.7071067811865475,
          3.181980515339464
        ],
        [
          0,
          1,
          6.123233995736757e-17,
          2.755455298081541e-16
        ],
        [
          0,
          0,
          0,
          1
        ]
      ]
    },
    {
      "file_path": "pics/out048.png",
      "transform_matrix": [
        [
          -0.9238795325112866,
          -2.3432602026631465e-17,
          0.3826834323650899,
          1.7220754456429042
        ],
        [
          0.3826834323650898,
          -5.657130561438494e-17,
          0.9238795325112868,
          4.15745789630079
        ],
        [
          -3.0814879110195774e-33,
          1,
          6.123233995736759e-17,
          2.755455298081541e-16
        ],
        [
          0,
          0,
          0,
          1
        ]
      ]
    },
    {
      "file_path": "pics/out064.png",
      "transform_matrix": [
        [
          -1,
          -3.749399456654634e-33,
          6.123233995736757e-17,
          2.755455298081541e-16
        ],
        [
          6.123233995736757e-17,
          -6.123233995736757e-17,
          1,
          4.5
        ],
        [
          0,
          1,
          6.123233995736757e-17,
          2.755455298081541e-16
        ],
        [
          0,
          0,
          0,
          1
        ]
      ]
    },
    {
      "file_path": "pics/out080.png",
      "transform_matrix": [
        [
          -0.9238795325112866,
          2.343260202663146e-17,
          -0.3826834323650898,
          -1.7220754456429037
        ],
        [
          -0.38268343236508967,
          -5.657130561438494e-17,
          0.9238795325112868,
          4.15745789630079
        ],
        [
          6.162975822039155e-33,
          1,
          6.123233995736757e-17,
          2.755455298081541e-16
        ],
        [
          0,
          0,
          0,
          1
        ]
      ]
    },
    {
      "file_path": "pics/out096.png",
      "transform_matrix": [
        [
          -0.7071067811865476,
          4.32978028117746e-17,
          -0.7071067811865475,
          -3.181980515339464
        ],
        [
          -0.7071067811865475,
          -4.329780281177461e-17,
          0.7071067811865476,
          3.1819805153394642
        ],
        [
          0,
          1,
          6.123233995736757e-17,
          2.755455298081541e-16
        ],
        [
          0,
          0,
          0,
          1
        ]
      ]
    },
    {
      "file_path": "pics/out112.png",
      "transform_matrix": [
        [
          -0.3826834323650898,
          5.657130561438494e-17,
          -0.9238795325112868,
          -4.15745789630079
        ],
        [
          -0.9238795325112866,
          -2.3432602026631465e-17,
          0.3826834323650899,
          1.7220754456429042
        ],
        [
          -3.0814879110195774e-33,
          1,
          6.123233995736759e-17,
          2.755455298081541e-16
        ],
        [
          0,
          0,
          0,
          1
        ]
      ]
    },
    {
      "file_path": "pics/out128.png",
      "transform_matrix": [
        [
          -1.2246467991473515e-16,
          6.123233995736757e-17,
          -1,
          -4.5
        ],
        [
          -1,
          -7.498798913309268e-33,
          1.2246467991473515e-16,
          5.510910596163082e-16
        ],
        [
          0,
          1,
          6.123233995736757e-17,
          2.755455298081541e-16
        ],
        [
          0,
          0,
          0,
          1
        ]
      ]
    },
    {
      "file_path": "pics/out144.png",
      "transform_matrix": [
        [
          0.3826834323650892,
          5.657130561438496e-17,
          -0.9238795325112871,
          -4.157457896300791
        ],
        [
          -0.9238795325112868,
          2.343260202663143e-17,
          -0.38268343236508934,
          -1.7220754456429015
        ],
        [
          0,
          1,
          6.12323399573676e-17,
          2.755455298081541e-16
        ],
        [
          0,
          0,
          0,
          1
        ]
      ]
    },
    {
      "file_path": "pics/out160.png",
      "transform_matrix": [
        [
          0.7071067811865474,
          4.32978028117746e-17,
          -0.7071067811865477,
          -3.1819805153394647
        ],
        [
          -0.7071067811865476,
          4.329780281177459e-17,
          -0.7071067811865475,
          -3.181980515339464
        ],
        [
          0,
          1,
          6.123233995736757e-17,
          2.755455298081541e-16
        ],
        [
          0,
          0,
          0,
          1
        ]
      ]
    },
    {
      "file_path": "pics/out176.png",
      "transform_matrix": [
        [
          0.9238795325112868,
          2.343260202663144e-17,
          -0.3826834323650895,
          -1.7220754456429028
        ],
        [
          -0.3826834323650895,
          5.657130561438494e-17,
          -0.9238795325112868,
          -4.157457896300791
        ],
        [
          -3.0814879110195774e-33,
          1,
          6.123233995736756e-17,
          2.755455298081541e-16
        ],
        [
          0,
          0,
          0,
          1
        ]
      ]
    },
    {
      "file_path": "pics/out192.png",
      "transform_matrix": [
        [
          1,
          1.12481983699639e-32,
          -1.8369701987210272e-16,
          -8.2663658942446225e-16
        ],
        [
          -1.8369701987210272e-16,
          6.123233995736757e-17,
          -1,
          -4.5
        ],
        [
          0,
          1,
          6.123233995736757e-17,
          2.755455298081541e-16
        ],
        [
          0,
          0,
          0,
          1
        ]
      ]
    },
    {
      "file_path": "pics/out208.png",
      "transform_matrix": [
        [
          0.9238795325112864,
          -2.3432602026631468e-17,
          0.38268343236509006,
          1.722075445642905
        ],
        [
          0.38268343236508995,
          5.657130561438491e-17,
          -0.9238795325112866,
          -4.15745789630079
        ],
        [
          0,
          0.9999999999999998,
          6.123233995736757e-17,
          2.755455298081541e-16
        ],
        [
          0,
          0,
          0,
          1
        ]
      ]
    },
    {
      "file_path": "pics/out224.png",
      "transform_matrix": [
        [
          0.7071067811865476,
          -4.329780281177459e-17,
          0.7071067811865475,
          3.181980515339464
        ],
        [
          0.7071067811865474,
          4.32978028117746e-17,
          -0.7071067811865477,
          -3.1819805153394647
        ],
        [
          0,
          1,
          6.123233995736757e-17,
          2.755455298081541e-16
        ],
        [
          0,
          0,
          0,
          1
        ]
      ]
    },
    {
      "file_path": "pics/out240.png",
      "transform_matrix": [
        [
          0.38268343236508956,
          -5.657130561438494e-17,
          0.9238795325112868,
          4.157457896300791
        ],
        [
          0.9238795325112868,
          2.3432602026631444e-17,
          -0.38268343236508956,
          -1.722075445642903
        ],
        [
          -3.0814879110195774e-33,
          1,
          6.123233995736757e-17,
          2.755455298081541e-16
        ],
        [
          0,
          0,
          0,
          1
        ]
      ]
    },
    {
        "file_path": "pics/out001.png",
        "transform_matrix": [
          [
            -0.024541228522912288,
            -6.121389792138476e-17,
            0.9996988186962044,
            4.49864468413292
          ],
          [
            0.9996988186962041,
            -1.5027168478864113e-18,
            0.024541228522912295,
            0.11043552835310533
          ],
          [
            0,
            1,
            6.12323399573676e-17,
            2.7554552980815413e-16
          ],
          [
            0,
            0,
            0,
            1
          ]
        ]
      },
      {
        "file_path": "pics/out017.png",
        "transform_matrix": [
          [
            -0.4052413140049897,
            -5.597920255358054e-17,
            0.9142097557035307,
            4.113943900665888
          ],
          [
            0.9142097557035305,
            -2.481387390392387e-17,
            0.4052413140049898,
            1.8235859130224543
          ],
          [
            3.081487911019576e-33,
            0.9999999999999998,
            6.123233995736757e-17,
            2.755455298081541e-16
          ],
          [
            0,
            0,
            0,
            1
          ]
        ]
      },
      {
        "file_path": "pics/out033.png",
        "transform_matrix": [
          [
            -0.7242470829514668,
            -4.222218104972851e-17,
            0.689540544737067,
            3.1029324513168017
          ],
          [
            0.6895405447370669,
            -4.4347343596416017e-17,
            0.7242470829514669,
            3.259111873281601
          ],
          [
            6.162975822039155e-33,
            1,
            6.123233995736759e-17,
            2.7554552980815413e-16
          ],
          [
            0,
            0,
            0,
            1
          ]
        ]
      },
      {
        "file_path": "pics/out049.png",
        "transform_matrix": [
          [
            -0.9329927988347388,
            -2.2037215226079633e-17,
            0.35989503653498833,
            1.6195276644074472
          ],
          [
            0.35989503653498833,
            -5.71293322360246e-17,
            0.9329927988347388,
            4.198467594756324
          ],
          [
            0,
            1,
            6.123233995736759e-17,
            2.755455298081541e-16
          ],
          [
            0,
            0,
            0,
            1
          ]
        ]
      },
      {
        "file_path": "pics/out065.png",
        "transform_matrix": [
          [
            -0.9996988186962041,
            1.5027168478864158e-18,
            -0.024541228522912368,
            -0.11043552835310566
          ],
          [
            -0.02454122852291236,
            -6.121389792138476e-17,
            0.9996988186962044,
            4.49864468413292
          ],
          [
            0,
            1,
            6.12323399573676e-17,
            2.7554552980815413e-16
          ],
          [
            0,
            0,
            0,
            1
          ]
        ]
      },
      {
        "file_path": "pics/out081.png",
        "transform_matrix": [
          [
            -0.9142097557035305,
            2.481387390392387e-17,
            -0.4052413140049898,
            -1.823585913022454
          ],
          [
            -0.4052413140049897,
            -5.597920255358054e-17,
            0.9142097557035307,
            4.113943900665888
          ],
          [
            3.081487911019576e-33,
            0.9999999999999998,
            6.123233995736757e-17,
            2.755455298081541e-16
          ],
          [
            0,
            0,
            0,
            1
          ]
        ]
      },
      {
        "file_path": "pics/out097.png",
        "transform_matrix": [
          [
            -0.689540544737067,
            4.4347343596416004e-17,
            -0.7242470829514668,
            -3.2591118732816007
          ],
          [
            -0.7242470829514668,
            -4.222218104972851e-17,
            0.689540544737067,
            3.1029324513168017
          ],
          [
            0,
            1,
            6.123233995736757e-17,
            2.755455298081541e-16
          ],
          [
            0,
            0,
            0,
            1
          ]
        ]
      },
      {
        "file_path": "pics/out113.png",
        "transform_matrix": [
          [
            -0.3598950365349884,
            5.71293322360246e-17,
            -0.9329927988347388,
            -4.198467594756325
          ],
          [
            -0.9329927988347388,
            -2.2037215226079637e-17,
            0.3598950365349884,
            1.6195276644074477
          ],
          [
            0,
            1,
            6.123233995736759e-17,
            2.755455298081542e-16
          ],
          [
            0,
            0,
            0,
            1
          ]
        ]
      },
      {
        "file_path": "pics/out129.png",
        "transform_matrix": [
          [
            0.02454122852291208,
            6.121389792138476e-17,
            -0.9996988186962044,
            -4.49864468413292
          ],
          [
            -0.9996988186962041,
            1.5027168478863986e-18,
            -0.024541228522912087,
            -0.11043552835310438
          ],
          [
            1.925929944387236e-34,
            1,
            6.12323399573676e-17,
            2.7554552980815413e-16
          ],
          [
            0,
            0,
            0,
            1
          ]
        ]
      },
      {
        "file_path": "pics/out145.png",
        "transform_matrix": [
          [
            0.40524131400498964,
            5.597920255358054e-17,
            -0.9142097557035307,
            -4.113943900665888
          ],
          [
            -0.9142097557035305,
            2.4813873903923864e-17,
            -0.40524131400498975,
            -1.8235859130224537
          ],
          [
            0,
            0.9999999999999998,
            6.123233995736757e-17,
            2.755455298081541e-16
          ],
          [
            0,
            0,
            0,
            1
          ]
        ]
      },
      {
        "file_path": "pics/out161.png",
        "transform_matrix": [
          [
            0.724247082951467,
            4.22221810497285e-17,
            -0.6895405447370668,
            -3.102932451316801
          ],
          [
            -0.6895405447370668,
            4.434734359641602e-17,
            -0.724247082951467,
            -3.2591118732816016
          ],
          [
            6.162975822039155e-33,
            1,
            6.123233995736757e-17,
            2.755455298081541e-16
          ],
          [
            0,
            0,
            0,
            1
          ]
        ]
      },
      {
        "file_path": "pics/out177.png",
        "transform_matrix": [
          [
            0.9329927988347388,
            2.2037215226079606e-17,
            -0.35989503653498794,
            -1.6195276644074457
          ],
          [
            -0.3598950365349879,
            5.71293322360246e-17,
            -0.9329927988347391,
            -4.198467594756325
          ],
          [
            3.0814879110195774e-33,
            1,
            6.123233995736759e-17,
            2.755455298081541e-16
          ],
          [
            0,
            0,
            0,
            1
          ]
        ]
      },
      {
        "file_path": "pics/out193.png",
        "transform_matrix": [
          [
            0.9996988186962041,
            -1.5027168478863948e-18,
            0.024541228522912024,
            0.1104355283531041
          ],
          [
            0.024541228522912018,
            6.121389792138476e-17,
            -0.9996988186962044,
            -4.49864468413292
          ],
          [
            0,
            1,
            6.12323399573676e-17,
            2.7554552980815413e-16
          ],
          [
            0,
            0,
            0,
            1
          ]
        ]
      },
      {
        "file_path": "pics/out209.png",
        "transform_matrix": [
          [
            0.9142097557035307,
            -2.4813873903923833e-17,
            0.40524131400498925,
            1.8235859130224512
          ],
          [
            0.40524131400498914,
            5.597920255358055e-17,
            -0.9142097557035309,
            -4.113943900665889
          ],
          [
            3.081487911019576e-33,
            0.9999999999999998,
            6.123233995736757e-17,
            2.7554552980815413e-16
          ],
          [
            0,
            0,
            0,
            1
          ]
        ]
      },
      {
        "file_path": "pics/out225.png",
        "transform_matrix": [
          [
            0.6895405447370672,
            -4.4347343596416e-17,
            0.7242470829514667,
            3.2591118732816
          ],
          [
            0.7242470829514666,
            4.222218104972853e-17,
            -0.6895405447370673,
            -3.1029324513168026
          ],
          [
            -6.162975822039155e-33,
            1,
            6.123233995736757e-17,
            2.755455298081541e-16
          ],
          [
            0,
            0,
            0,
            1
          ]
        ]
      },
      {
        "file_path": "pics/out241.png",
        "transform_matrix": [
          [
            0.3598950365349888,
            -5.712933223602457e-17,
            0.9329927988347385,
            4.198467594756323
          ],
          [
            0.9329927988347385,
            2.2037215226079658e-17,
            -0.3598950365349888,
            -1.6195276644074497
          ],
          [
            3.081487911019576e-33,
            0.9999999999999998,
            6.123233995736759e-17,
            2.755455298081542e-16
          ],
          [
            0,
            0,
            0,
            1
          ]
        ]
      },
      {
        "file_path": "pics/out002.png",
        "transform_matrix": [
          [
            -0.04906767432741801,
            -6.115858292222915e-17,
            0.9987954562051724,
            4.494579552923276
          ],
          [
            0.9987954562051724,
            -3.0045285153338567e-18,
            0.04906767432741801,
            0.22080453447338103
          ],
          [
            3.851859888774472e-34,
            1,
            6.123233995736756e-17,
            2.755455298081541e-16
          ],
          [
            0,
            0,
            0,
            1
          ]
        ]
      },
      {
        "file_path": "pics/out018.png",
        "transform_matrix": [
          [
            -0.42755509343028203,
            -5.535337971435509e-17,
            0.9039892931234433,
            4.067951819055495
          ],
          [
            0.9039892931234433,
            -2.6180198831427084e-17,
            0.42755509343028203,
            1.9239979204362692
          ],
          [
            0,
            1,
            6.123233995736757e-17,
            2.755455298081541e-16
          ],
          [
            0,
            0,
            0,
            1
          ]
        ]
      },
      {
        "file_path": "pics/out034.png",
        "transform_matrix": [
          [
            -0.740951125354959,
            -4.11211262246071e-17,
            0.6715589548470186,
            3.0220152968115834
          ],
          [
            0.6715589548470186,
            -4.5370171199528924e-17,
            0.740951125354959,
            3.3342800640973156
          ],
          [
            0,
            1,
            6.123233995736757e-17,
            2.755455298081541e-16
          ],
          [
            0,
            0,
            0,
            1
          ]
        ]
      },
      {
        "file_path": "pics/out050.png",
        "transform_matrix": [
          [
            -0.9415440651830208,
            -2.062855403110014e-17,
            0.33688985339222005,
            1.5160043402649903
          ],
          [
            0.33688985339222005,
            -5.765294628412859e-17,
            0.9415440651830208,
            4.236948293323594
          ],
          [
            -3.0814879110195774e-33,
            1,
            6.123233995736757e-17,
            2.755455298081541e-16
          ],
          [
            0,
            0,
            0,
            1
          ]
        ]
      },
      {
        "file_path": "pics/out066.png",
        "transform_matrix": [
          [
            -0.9987954562051724,
            3.0045285153338563e-18,
            -0.049067674327418,
            -0.220804534473381
          ],
          [
            -0.049067674327418,
            -6.115858292222915e-17,
            0.9987954562051724,
            4.494579552923276
          ],
          [
            3.851859888774472e-34,
            1,
            6.123233995736756e-17,
            2.755455298081541e-16
          ],
          [
            0,
            0,
            0,
            1
          ]
        ]
      },
      {
        "file_path": "pics/out082.png",
        "transform_matrix": [
          [
            -0.9039892931234431,
            2.6180198831427084e-17,
            -0.4275550934302822,
            -1.92399792043627
          ],
          [
            -0.4275550934302822,
            -5.5353379714355066e-17,
            0.9039892931234431,
            4.067951819055495
          ],
          [
            -3.081487911019576e-33,
            0.9999999999999998,
            6.123233995736756e-17,
            2.7554552980815403e-16
          ],
          [
            0,
            0,
            0,
            1
          ]
        ]
      },
      {
        "file_path": "pics/out098.png",
        "transform_matrix": [
          [
            -0.6715589548470186,
            4.5370171199528924e-17,
            -0.740951125354959,
            -3.3342800640973156
          ],
          [
            -0.7409511253549589,
            -4.112112622460711e-17,
            0.6715589548470187,
            3.022015296811584
          ],
          [
            0,
            1,
            6.123233995736759e-17,
            2.755455298081541e-16
          ],
          [
            0,
            0,
            0,
            1
          ]
        ]
      },
      {
        "file_path": "pics/out114.png",
        "transform_matrix": [
          [
            -0.3368898533922203,
            5.765294628412859e-17,
            -0.9415440651830208,
            -4.236948293323593
          ],
          [
            -0.9415440651830206,
            -2.0628554031100156e-17,
            0.33688985339222033,
            1.5160043402649912
          ],
          [
            3.0814879110195774e-33,
            1,
            6.123233995736759e-17,
            2.755455298081541e-16
          ],
          [
            0,
            0,
            0,
            1
          ]
        ]
      },
      {
        "file_path": "pics/out130.png",
        "transform_matrix": [
          [
            0.04906767432741816,
            6.115858292222915e-17,
            -0.9987954562051724,
            -4.494579552923276
          ],
          [
            -0.9987954562051724,
            3.004528515333866e-18,
            -0.04906767432741816,
            -0.22080453447338175
          ],
          [
            0,
            1,
            6.123233995736756e-17,
            2.755455298081541e-16
          ],
          [
            0,
            0,
            0,
            1
          ]
        ]
      },
      {
        "file_path": "pics/out146.png",
        "transform_matrix": [
          [
            0.4275550934302817,
            5.535337971435508e-17,
            -0.9039892931234433,
            -4.067951819055496
          ],
          [
            -0.9039892931234433,
            2.6180198831427057e-17,
            -0.4275550934302817,
            -1.9239979204362678
          ],
          [
            0,
            0.9999999999999998,
            6.123233995736756e-17,
            2.755455298081541e-16
          ],
          [
            0,
            0,
            0,
            1
          ]
        ]
      },
      {
        "file_path": "pics/out162.png",
        "transform_matrix": [
          [
            0.7409511253549589,
            4.112112622460711e-17,
            -0.6715589548470187,
            -3.022015296811584
          ],
          [
            -0.6715589548470186,
            4.5370171199528924e-17,
            -0.740951125354959,
            -3.3342800640973156
          ],
          [
            0,
            1,
            6.123233995736759e-17,
            2.755455298081541e-16
          ],
          [
            0,
            0,
            0,
            1
          ]
        ]
      },
      {
        "file_path": "pics/out178.png",
        "transform_matrix": [
          [
            0.9415440651830208,
            2.062855403110013e-17,
            -0.3368898533922199,
            -1.5160043402649896
          ],
          [
            -0.3368898533922199,
            5.765294628412859e-17,
            -0.9415440651830208,
            -4.236948293323594
          ],
          [
            0,
            1,
            6.123233995736757e-17,
            2.755455298081541e-16
          ],
          [
            0,
            0,
            0,
            1
          ]
        ]
      },
      {
        "file_path": "pics/out194.png",
        "transform_matrix": [
          [
            0.9987954562051724,
            -3.0045285153338355e-18,
            0.04906767432741766,
            0.2208045344733795
          ],
          [
            0.04906767432741766,
            6.115858292222915e-17,
            -0.9987954562051724,
            -4.494579552923276
          ],
          [
            3.851859888774472e-34,
            1,
            6.123233995736756e-17,
            2.755455298081541e-16
          ],
          [
            0,
            0,
            0,
            1
          ]
        ]
      },
      {
        "file_path": "pics/out210.png",
        "transform_matrix": [
          [
            0.9039892931234433,
            -2.618019883142709e-17,
            0.42755509343028214,
            1.92399792043627
          ],
          [
            0.42755509343028214,
            5.535337971435509e-17,
            -0.9039892931234433,
            -4.067951819055496
          ],
          [
            -3.0814879110195774e-33,
            1,
            6.123233995736757e-17,
            2.755455298081541e-16
          ],
          [
            0,
            0,
            0,
            1
          ]
        ]
      },
      {
        "file_path": "pics/out226.png",
        "transform_matrix": [
          [
            0.6715589548470186,
            -4.5370171199528924e-17,
            0.740951125354959,
            3.3342800640973156
          ],
          [
            0.7409511253549589,
            4.112112622460711e-17,
            -0.6715589548470187,
            -3.022015296811584
          ],
          [
            0,
            1,
            6.123233995736759e-17,
            2.755455298081541e-16
          ],
          [
            0,
            0,
            0,
            1
          ]
        ]
      },
      {
        "file_path": "pics/out242.png",
        "transform_matrix": [
          [
            0.33688985339222,
            -5.765294628412859e-17,
            0.9415440651830208,
            4.236948293323594
          ],
          [
            0.9415440651830208,
            2.0628554031100138e-17,
            -0.33688985339222,
            -1.51600434026499
          ],
          [
            -3.0814879110195774e-33,
            1,
            6.123233995736757e-17,
            2.755455298081541e-16
          ],
          [
            0,
            0,
            0,
            1
          ]
        ]
      },
      {
        "file_path": "pics/out003.png",
        "transform_matrix": [
          [
            -0.07356456359966743,
            -6.106642827958792e-17,
            0.9972904566786902,
            4.487807055054107
          ],
          [
            0.9972904566786902,
            -4.504530367150224e-18,
            0.07356456359966743,
            0.3310405361985035
          ],
          [
            0,
            1,
            6.123233995736757e-17,
            2.7554552980815413e-16
          ],
          [
            0,
            0,
            0,
            1
          ]
        ]
      },
      {
        "file_path": "pics/out019.png",
        "transform_matrix": [
          [
            -0.4496113296546066,
            -5.469421406898588e-17,
            0.8932243011955153,
            4.019509355379819
          ],
          [
            0.8932243011955153,
            -2.7530753786094932e-17,
            0.4496113296546066,
            2.0232509834457297
          ],
          [
            0,
            1,
            6.123233995736757e-17,
            2.755455298081541e-16
          ],
          [
            0,
            0,
            0,
            1
          ]
        ]
      },
      {
        "file_path": "pics/out035.png",
        "transform_matrix": [
          [
            -0.7572088465064843,
            -3.999530157066591e-17,
            0.6531728429537766,
            2.9392777932919953
          ],
          [
            0.6531728429537765,
            -4.636566950801121e-17,
            0.7572088465064846,
            3.40743980927918
          ],
          [
            0,
            0.9999999999999998,
            6.123233995736757e-17,
            2.755455298081541e-16
          ],
          [
            0,
            0,
            0,
            1
          ]
        ]
      },
      {
        "file_path": "pics/out051.png",
        "transform_matrix": [
          [
            -0.9495281805930366,
            -1.9207466966523647e-17,
            0.3136817403988915,
            1.411567831795012
          ],
          [
            0.31368174039889146,
            -5.814183235317354e-17,
            0.9495281805930368,
            4.272876812668666
          ],
          [
            3.0814879110195774e-33,
            1,
            6.12323399573676e-17,
            2.7554552980815413e-16
          ],
          [
            0,
            0,
            0,
            1
          ]
        ]
      },
      {
        "file_path": "pics/out067.png",
        "transform_matrix": [
          [
            -0.9972904566786902,
            4.504530367150219e-18,
            -0.07356456359966734,
            -0.3310405361985031
          ],
          [
            -0.07356456359966734,
            -6.106642827958792e-17,
            0.9972904566786902,
            4.487807055054107
          ],
          [
            0,
            1,
            6.123233995736757e-17,
            2.7554552980815413e-16
          ],
          [
            0,
            0,
            0,
            1
          ]
        ]
      },
      {
        "file_path": "pics/out083.png",
        "transform_matrix": [
          [
            -0.8932243011955151,
            2.7530753786094926e-17,
            -0.4496113296546066,
            -2.02325098344573
          ],
          [
            -0.4496113296546066,
            -5.4694214068985854e-17,
            0.8932243011955151,
            4.019509355379819
          ],
          [
            0,
            0.9999999999999998,
            6.123233995736755e-17,
            2.755455298081541e-16
          ],
          [
            0,
            0,
            0,
            1
          ]
        ]
      },
      {
        "file_path": "pics/out099.png",
        "transform_matrix": [
          [
            -0.6531728429537766,
            4.636566950801123e-17,
            -0.7572088465064847,
            -3.407439809279181
          ],
          [
            -0.7572088465064847,
            -3.999530157066591e-17,
            0.6531728429537766,
            2.939277793291995
          ],
          [
            0,
            1,
            6.123233995736757e-17,
            2.755455298081541e-16
          ],
          [
            0,
            0,
            0,
            1
          ]
        ]
      },
      {
        "file_path": "pics/out115.png",
        "transform_matrix": [
          [
            -0.3136817403988914,
            5.814183235317356e-17,
            -0.9495281805930369,
            -4.272876812668666
          ],
          [
            -0.9495281805930367,
            -1.9207466966523647e-17,
            0.31368174039889146,
            1.4115678317950116
          ],
          [
            0,
            1,
            6.12323399573676e-17,
            2.755455298081542e-16
          ],
          [
            0,
            0,
            0,
            1
          ]
        ]
      },
      {
        "file_path": "pics/out131.png",
        "transform_matrix": [
          [
            0.07356456359966702,
            6.106642827958791e-17,
            -0.9972904566786902,
            -4.487807055054106
          ],
          [
            -0.99729045667869,
            4.504530367150199e-18,
            -0.07356456359966704,
            -0.33104053619850166
          ],
          [
            0,
            0.9999999999999998,
            6.123233995736757e-17,
            2.7554552980815403e-16
          ],
          [
            0,
            0,
            0,
            1
          ]
        ]
      },
      {
        "file_path": "pics/out147.png",
        "transform_matrix": [
          [
            0.4496113296546066,
            5.469421406898588e-17,
            -0.8932243011955153,
            -4.019509355379819
          ],
          [
            -0.8932243011955153,
            2.7530753786094932e-17,
            -0.4496113296546066,
            -2.0232509834457297
          ],
          [
            0,
            1,
            6.123233995736757e-17,
            2.755455298081541e-16
          ],
          [
            0,
            0,
            0,
            1
          ]
        ]
      },
      {
        "file_path": "pics/out163.png",
        "transform_matrix": [
          [
            0.7572088465064841,
            3.999530157066595e-17,
            -0.6531728429537772,
            -2.9392777932919967
          ],
          [
            -0.6531728429537771,
            4.636566950801121e-17,
            -0.7572088465064843,
            -3.407439809279179
          ],
          [
            6.162975822039155e-33,
            1,
            6.123233995736759e-17,
            2.755455298081541e-16
          ],
          [
            0,
            0,
            0,
            1
          ]
        ]
      },
      {
        "file_path": "pics/out179.png",
        "transform_matrix": [
          [
            0.9495281805930366,
            1.9207466966523647e-17,
            -0.3136817403988915,
            -1.4115678317950118
          ],
          [
            -0.31368174039889146,
            5.814183235317354e-17,
            -0.9495281805930368,
            -4.272876812668666
          ],
          [
            3.0814879110195774e-33,
            1,
            6.12323399573676e-17,
            2.7554552980815413e-16
          ],
          [
            0,
            0,
            0,
            1
          ]
        ]
      },
      {
        "file_path": "pics/out195.png",
        "transform_matrix": [
          [
            0.9972904566786902,
            -4.504530367150252e-18,
            0.07356456359966788,
            0.33104053619850554
          ],
          [
            0.07356456359966788,
            6.106642827958792e-17,
            -0.9972904566786902,
            -4.487807055054107
          ],
          [
            0,
            1,
            6.123233995736759e-17,
            2.7554552980815413e-16
          ],
          [
            0,
            0,
            0,
            1
          ]
        ]
      },
      {
        "file_path": "pics/out211.png",
        "transform_matrix": [
          [
            0.8932243011955153,
            -2.7530753786094932e-17,
            0.4496113296546066,
            2.0232509834457297
          ],
          [
            0.4496113296546066,
            5.469421406898588e-17,
            -0.8932243011955153,
            -4.019509355379819
          ],
          [
            0,
            1,
            6.123233995736757e-17,
            2.755455298081541e-16
          ],
          [
            0,
            0,
            0,
            1
          ]
        ]
      },
      {
        "file_path": "pics/out227.png",
        "transform_matrix": [
          [
            0.6531728429537771,
            -4.636566950801121e-17,
            0.7572088465064843,
            3.407439809279179
          ],
          [
            0.7572088465064841,
            3.999530157066595e-17,
            -0.6531728429537772,
            -2.9392777932919967
          ],
          [
            6.162975822039155e-33,
            1,
            6.123233995736759e-17,
            2.755455298081541e-16
          ],
          [
            0,
            0,
            0,
            1
          ]
        ]
      },
      {
        "file_path": "pics/out243.png",
        "transform_matrix": [
          [
            0.31368174039889146,
            -5.814183235317354e-17,
            0.9495281805930368,
            4.272876812668666
          ],
          [
            0.9495281805930366,
            1.9207466966523647e-17,
            -0.3136817403988915,
            -1.411567831795012
          ],
          [
            3.0814879110195774e-33,
            1,
            6.12323399573676e-17,
            2.7554552980815413e-16
          ],
          [
            0,
            0,
            0,
            1
          ]
        ]
      }
  ]
}