{
  "camera_angle_x": 0.7853981633974483,
  "fl_x": 2414.213562373095,
  "fl_y": 2414.213562373095,
  "w": 2000,
  "h": 2000,
  "cx": 1000,
  "cy": 1000,
  "frames": [
    {
      "file_path": "pics_1/out001.png",
      "transform_matrix": [
        [
          -0.024541228522912288,
          -6.121389792138476e-17,
          0.9996988186962044,
          4.49864468413292
        ],
        [
          0.9996988186962041,
          -1.5027168478864113e-18,
          0.024541228522912295,
          0.11043552835310533
        ],
        [
          0,
          1,
          6.12323399573676e-17,
          2.7554552980815413e-16
        ],
        [
          0,
          0,
          0,
          1
        ]
      ]
    },
    {
      "file_path": "pics_1/out017.png",
      "transform_matrix": [
        [
          -0.4052413140049897,
          -5.597920255358054e-17,
          0.9142097557035307,
          4.113943900665888
        ],
        [
          0.9142097557035305,
          -2.481387390392387e-17,
          0.4052413140049898,
          1.8235859130224543
        ],
        [
          3.081487911019576e-33,
          0.9999999999999998,
          6.123233995736757e-17,
          2.755455298081541e-16
        ],
        [
          0,
          0,
          0,
          1
        ]
      ]
    },
    {
      "file_path": "pics_1/out033.png",
      "transform_matrix": [
        [
          -0.7242470829514668,
          -4.222218104972851e-17,
          0.689540544737067,
          3.1029324513168017
        ],
        [
          0.6895405447370669,
          -4.4347343596416017e-17,
          0.7242470829514669,
          3.259111873281601
        ],
        [
          6.162975822039155e-33,
          1,
          6.123233995736759e-17,
          2.7554552980815413e-16
        ],
        [
          0,
          0,
          0,
          1
        ]
      ]
    },
    {
      "file_path": "pics_1/out049.png",
      "transform_matrix": [
        [
          -0.9329927988347388,
          -2.2037215226079633e-17,
          0.35989503653498833,
          1.6195276644074472
        ],
        [
          0.35989503653498833,
          -5.71293322360246e-17,
          0.9329927988347388,
          4.198467594756324
        ],
        [
          0,
          1,
          6.123233995736759e-17,
          2.755455298081541e-16
        ],
        [
          0,
          0,
          0,
          1
        ]
      ]
    },
    {
      "file_path": "pics_1/out065.png",
      "transform_matrix": [
        [
          -0.9996988186962041,
          1.5027168478864158e-18,
          -0.024541228522912368,
          -0.11043552835310566
        ],
        [
          -0.02454122852291236,
          -6.121389792138476e-17,
          0.9996988186962044,
          4.49864468413292
        ],
        [
          0,
          1,
          6.12323399573676e-17,
          2.7554552980815413e-16
        ],
        [
          0,
          0,
          0,
          1
        ]
      ]
    },
    {
      "file_path": "pics_1/out081.png",
      "transform_matrix": [
        [
          -0.9142097557035305,
          2.481387390392387e-17,
          -0.4052413140049898,
          -1.823585913022454
        ],
        [
          -0.4052413140049897,
          -5.597920255358054e-17,
          0.9142097557035307,
          4.113943900665888
        ],
        [
          3.081487911019576e-33,
          0.9999999999999998,
          6.123233995736757e-17,
          2.755455298081541e-16
        ],
        [
          0,
          0,
          0,
          1
        ]
      ]
    },
    {
      "file_path": "pics_1/out097.png",
      "transform_matrix": [
        [
          -0.689540544737067,
          4.4347343596416004e-17,
          -0.7242470829514668,
          -3.2591118732816007
        ],
        [
          -0.7242470829514668,
          -4.222218104972851e-17,
          0.689540544737067,
          3.1029324513168017
        ],
        [
          0,
          1,
          6.123233995736757e-17,
          2.755455298081541e-16
        ],
        [
          0,
          0,
          0,
          1
        ]
      ]
    },
    {
      "file_path": "pics_1/out113.png",
      "transform_matrix": [
        [
          -0.3598950365349884,
          5.71293322360246e-17,
          -0.9329927988347388,
          -4.198467594756325
        ],
        [
          -0.9329927988347388,
          -2.2037215226079637e-17,
          0.3598950365349884,
          1.6195276644074477
        ],
        [
          0,
          1,
          6.123233995736759e-17,
          2.755455298081542e-16
        ],
        [
          0,
          0,
          0,
          1
        ]
      ]
    },
    {
      "file_path": "pics_1/out129.png",
      "transform_matrix": [
        [
          0.02454122852291208,
          6.121389792138476e-17,
          -0.9996988186962044,
          -4.49864468413292
        ],
        [
          -0.9996988186962041,
          1.5027168478863986e-18,
          -0.024541228522912087,
          -0.11043552835310438
        ],
        [
          1.925929944387236e-34,
          1,
          6.12323399573676e-17,
          2.7554552980815413e-16
        ],
        [
          0,
          0,
          0,
          1
        ]
      ]
    },
    {
      "file_path": "pics_1/out145.png",
      "transform_matrix": [
        [
          0.40524131400498964,
          5.597920255358054e-17,
          -0.9142097557035307,
          -4.113943900665888
        ],
        [
          -0.9142097557035305,
          2.4813873903923864e-17,
          -0.40524131400498975,
          -1.8235859130224537
        ],
        [
          0,
          0.9999999999999998,
          6.123233995736757e-17,
          2.755455298081541e-16
        ],
        [
          0,
          0,
          0,
          1
        ]
      ]
    },
    {
      "file_path": "pics_1/out161.png",
      "transform_matrix": [
        [
          0.724247082951467,
          4.22221810497285e-17,
          -0.6895405447370668,
          -3.102932451316801
        ],
        [
          -0.6895405447370668,
          4.434734359641602e-17,
          -0.724247082951467,
          -3.2591118732816016
        ],
        [
          6.162975822039155e-33,
          1,
          6.123233995736757e-17,
          2.755455298081541e-16
        ],
        [
          0,
          0,
          0,
          1
        ]
      ]
    },
    {
      "file_path": "pics_1/out177.png",
      "transform_matrix": [
        [
          0.9329927988347388,
          2.2037215226079606e-17,
          -0.35989503653498794,
          -1.6195276644074457
        ],
        [
          -0.3598950365349879,
          5.71293322360246e-17,
          -0.9329927988347391,
          -4.198467594756325
        ],
        [
          3.0814879110195774e-33,
          1,
          6.123233995736759e-17,
          2.755455298081541e-16
        ],
        [
          0,
          0,
          0,
          1
        ]
      ]
    },
    {
      "file_path": "pics_1/out193.png",
      "transform_matrix": [
        [
          0.9996988186962041,
          -1.5027168478863948e-18,
          0.024541228522912024,
          0.1104355283531041
        ],
        [
          0.024541228522912018,
          6.121389792138476e-17,
          -0.9996988186962044,
          -4.49864468413292
        ],
        [
          0,
          1,
          6.12323399573676e-17,
          2.7554552980815413e-16
        ],
        [
          0,
          0,
          0,
          1
        ]
      ]
    },
    {
      "file_path": "pics_1/out209.png",
      "transform_matrix": [
        [
          0.9142097557035307,
          -2.4813873903923833e-17,
          0.40524131400498925,
          1.8235859130224512
        ],
        [
          0.40524131400498914,
          5.597920255358055e-17,
          -0.9142097557035309,
          -4.113943900665889
        ],
        [
          3.081487911019576e-33,
          0.9999999999999998,
          6.123233995736757e-17,
          2.7554552980815413e-16
        ],
        [
          0,
          0,
          0,
          1
        ]
      ]
    },
    {
      "file_path": "pics_1/out225.png",
      "transform_matrix": [
        [
          0.6895405447370672,
          -4.4347343596416e-17,
          0.7242470829514667,
          3.2591118732816
        ],
        [
          0.7242470829514666,
          4.222218104972853e-17,
          -0.6895405447370673,
          -3.1029324513168026
        ],
        [
          -6.162975822039155e-33,
          1,
          6.123233995736757e-17,
          2.755455298081541e-16
        ],
        [
          0,
          0,
          0,
          1
        ]
      ]
    },
    {
      "file_path": "pics_1/out241.png",
      "transform_matrix": [
        [
          0.3598950365349888,
          -5.712933223602457e-17,
          0.9329927988347385,
          4.198467594756323
        ],
        [
          0.9329927988347385,
          2.2037215226079658e-17,
          -0.3598950365349888,
          -1.6195276644074497
        ],
        [
          3.081487911019576e-33,
          0.9999999999999998,
          6.123233995736759e-17,
          2.755455298081542e-16
        ],
        [
          0,
          0,
          0,
          1
        ]
      ]
    }
  ]
}