{
  "camera_angle_x": 0.7853981633974483,
  "fl_x": 2414.213562373095,
  "fl_y": 2414.213562373095,
  "w": 2000,
  "h": 2000,
  "cx": 1000,
  "cy": 1000,
  "frames": [
    {
      "file_path": "pics_2/out002.png",
      "transform_matrix": [
        [
          -0.04906767432741801,
          -6.115858292222915e-17,
          0.9987954562051724,
          4.494579552923276
        ],
        [
          0.9987954562051724,
          -3.0045285153338567e-18,
          0.04906767432741801,
          0.22080453447338103
        ],
        [
          3.851859888774472e-34,
          1,
          6.123233995736756e-17,
          2.755455298081541e-16
        ],
        [
          0,
          0,
          0,
          1
        ]
      ]
    },
    {
      "file_path": "pics_2/out018.png",
      "transform_matrix": [
        [
          -0.42755509343028203,
          -5.535337971435509e-17,
          0.9039892931234433,
          4.067951819055495
        ],
        [
          0.9039892931234433,
          -2.6180198831427084e-17,
          0.42755509343028203,
          1.9239979204362692
        ],
        [
          0,
          1,
          6.123233995736757e-17,
          2.755455298081541e-16
        ],
        [
          0,
          0,
          0,
          1
        ]
      ]
    },
    {
      "file_path": "pics_2/out034.png",
      "transform_matrix": [
        [
          -0.740951125354959,
          -4.11211262246071e-17,
          0.6715589548470186,
          3.0220152968115834
        ],
        [
          0.6715589548470186,
          -4.5370171199528924e-17,
          0.740951125354959,
          3.3342800640973156
        ],
        [
          0,
          1,
          6.123233995736757e-17,
          2.755455298081541e-16
        ],
        [
          0,
          0,
          0,
          1
        ]
      ]
    },
    {
      "file_path": "pics_2/out050.png",
      "transform_matrix": [
        [
          -0.9415440651830208,
          -2.062855403110014e-17,
          0.33688985339222005,
          1.5160043402649903
        ],
        [
          0.33688985339222005,
          -5.765294628412859e-17,
          0.9415440651830208,
          4.236948293323594
        ],
        [
          -3.0814879110195774e-33,
          1,
          6.123233995736757e-17,
          2.755455298081541e-16
        ],
        [
          0,
          0,
          0,
          1
        ]
      ]
    },
    {
      "file_path": "pics_2/out066.png",
      "transform_matrix": [
        [
          -0.9987954562051724,
          3.0045285153338563e-18,
          -0.049067674327418,
          -0.220804534473381
        ],
        [
          -0.049067674327418,
          -6.115858292222915e-17,
          0.9987954562051724,
          4.494579552923276
        ],
        [
          3.851859888774472e-34,
          1,
          6.123233995736756e-17,
          2.755455298081541e-16
        ],
        [
          0,
          0,
          0,
          1
        ]
      ]
    },
    {
      "file_path": "pics_2/out082.png",
      "transform_matrix": [
        [
          -0.9039892931234431,
          2.6180198831427084e-17,
          -0.4275550934302822,
          -1.92399792043627
        ],
        [
          -0.4275550934302822,
          -5.5353379714355066e-17,
          0.9039892931234431,
          4.067951819055495
        ],
        [
          -3.081487911019576e-33,
          0.9999999999999998,
          6.123233995736756e-17,
          2.7554552980815403e-16
        ],
        [
          0,
          0,
          0,
          1
        ]
      ]
    },
    {
      "file_path": "pics_2/out098.png",
      "transform_matrix": [
        [
          -0.6715589548470186,
          4.5370171199528924e-17,
          -0.740951125354959,
          -3.3342800640973156
        ],
        [
          -0.7409511253549589,
          -4.112112622460711e-17,
          0.6715589548470187,
          3.022015296811584
        ],
        [
          0,
          1,
          6.123233995736759e-17,
          2.755455298081541e-16
        ],
        [
          0,
          0,
          0,
          1
        ]
      ]
    },
    {
      "file_path": "pics_2/out114.png",
      "transform_matrix": [
        [
          -0.3368898533922203,
          5.765294628412859e-17,
          -0.9415440651830208,
          -4.236948293323593
        ],
        [
          -0.9415440651830206,
          -2.0628554031100156e-17,
          0.33688985339222033,
          1.5160043402649912
        ],
        [
          3.0814879110195774e-33,
          1,
          6.123233995736759e-17,
          2.755455298081541e-16
        ],
        [
          0,
          0,
          0,
          1
        ]
      ]
    },
    {
      "file_path": "pics_2/out130.png",
      "transform_matrix": [
        [
          0.04906767432741816,
          6.115858292222915e-17,
          -0.9987954562051724,
          -4.494579552923276
        ],
        [
          -0.9987954562051724,
          3.004528515333866e-18,
          -0.04906767432741816,
          -0.22080453447338175
        ],
        [
          0,
          1,
          6.123233995736756e-17,
          2.755455298081541e-16
        ],
        [
          0,
          0,
          0,
          1
        ]
      ]
    },
    {
      "file_path": "pics_2/out146.png",
      "transform_matrix": [
        [
          0.4275550934302817,
          5.535337971435508e-17,
          -0.9039892931234433,
          -4.067951819055496
        ],
        [
          -0.9039892931234433,
          2.6180198831427057e-17,
          -0.4275550934302817,
          -1.9239979204362678
        ],
        [
          0,
          0.9999999999999998,
          6.123233995736756e-17,
          2.755455298081541e-16
        ],
        [
          0,
          0,
          0,
          1
        ]
      ]
    },
    {
      "file_path": "pics_2/out162.png",
      "transform_matrix": [
        [
          0.7409511253549589,
          4.112112622460711e-17,
          -0.6715589548470187,
          -3.022015296811584
        ],
        [
          -0.6715589548470186,
          4.5370171199528924e-17,
          -0.740951125354959,
          -3.3342800640973156
        ],
        [
          0,
          1,
          6.123233995736759e-17,
          2.755455298081541e-16
        ],
        [
          0,
          0,
          0,
          1
        ]
      ]
    },
    {
      "file_path": "pics_2/out178.png",
      "transform_matrix": [
        [
          0.9415440651830208,
          2.062855403110013e-17,
          -0.3368898533922199,
          -1.5160043402649896
        ],
        [
          -0.3368898533922199,
          5.765294628412859e-17,
          -0.9415440651830208,
          -4.236948293323594
        ],
        [
          0,
          1,
          6.123233995736757e-17,
          2.755455298081541e-16
        ],
        [
          0,
          0,
          0,
          1
        ]
      ]
    },
    {
      "file_path": "pics_2/out194.png",
      "transform_matrix": [
        [
          0.9987954562051724,
          -3.0045285153338355e-18,
          0.04906767432741766,
          0.2208045344733795
        ],
        [
          0.04906767432741766,
          6.115858292222915e-17,
          -0.9987954562051724,
          -4.494579552923276
        ],
        [
          3.851859888774472e-34,
          1,
          6.123233995736756e-17,
          2.755455298081541e-16
        ],
        [
          0,
          0,
          0,
          1
        ]
      ]
    },
    {
      "file_path": "pics_2/out210.png",
      "transform_matrix": [
        [
          0.9039892931234433,
          -2.618019883142709e-17,
          0.42755509343028214,
          1.92399792043627
        ],
        [
          0.42755509343028214,
          5.535337971435509e-17,
          -0.9039892931234433,
          -4.067951819055496
        ],
        [
          -3.0814879110195774e-33,
          1,
          6.123233995736757e-17,
          2.755455298081541e-16
        ],
        [
          0,
          0,
          0,
          1
        ]
      ]
    },
    {
      "file_path": "pics_2/out226.png",
      "transform_matrix": [
        [
          0.6715589548470186,
          -4.5370171199528924e-17,
          0.740951125354959,
          3.3342800640973156
        ],
        [
          0.7409511253549589,
          4.112112622460711e-17,
          -0.6715589548470187,
          -3.022015296811584
        ],
        [
          0,
          1,
          6.123233995736759e-17,
          2.755455298081541e-16
        ],
        [
          0,
          0,
          0,
          1
        ]
      ]
    },
    {
      "file_path": "pics_2/out242.png",
      "transform_matrix": [
        [
          0.33688985339222,
          -5.765294628412859e-17,
          0.9415440651830208,
          4.236948293323594
        ],
        [
          0.9415440651830208,
          2.0628554031100138e-17,
          -0.33688985339222,
          -1.51600434026499
        ],
        [
          -3.0814879110195774e-33,
          1,
          6.123233995736757e-17,
          2.755455298081541e-16
        ],
        [
          0,
          0,
          0,
          1
        ]
      ]
    }
  ]
}