{
  "camera_angle_x": 0.7853981633974483,
  "fl_x": 2414.213562373095,
  "fl_y": 2414.213562373095,
  "w": 2000,
  "h": 2000,
  "cx": 1000,
  "cy": 1000,
  "frames": [
    {
      "file_path": "pics_5/out005.png",
      "transform_matrix": [
        [
          -0.12241067519921617,
          -6.077184426327815e-17,
          0.99247953459871,
          4.466157905694195
        ],
        [
          0.9924795345987097,
          -7.495492078209309e-18,
          0.1224106751992162,
          0.5508480383964729
        ],
        [
          0,
          0.9999999999999998,
          6.123233995736757e-17,
          2.755455298081541e-16
        ],
        [
          0,
          0,
          0,
          1
        ]
      ]
    },
    {
      "file_path": "pics_5/out021.png",
      "transform_matrix": [
        [
          -0.4928981922297839,
          -5.327746243205168e-17,
          0.8700869911087116,
          3.9153914599892015
        ],
        [
          0.8700869911087113,
          -3.018130967098605e-17,
          0.49289819222978404,
          2.218041865034028
        ],
        [
          0,
          1,
          6.12323399573676e-17,
          2.755455298081541e-16
        ],
        [
          0,
          0,
          0,
          1
        ]
      ]
    },
    {
      "file_path": "pics_5/out037.png",
      "transform_matrix": [
        [
          -0.7883464276266061,
          -3.767206990694493e-17,
          0.6152315905806269,
          2.768542157612821
        ],
        [
          0.6152315905806268,
          -4.827229646060863e-17,
          0.7883464276266063,
          3.5475589243197274
        ],
        [
          0,
          1,
          6.123233995736759e-17,
          2.755455298081541e-16
        ],
        [
          0,
          0,
          0,
          1
        ]
      ]
    },
    {
      "file_path": "pics_5/out053.png",
      "transform_matrix": [
        [
          -0.9637760657954396,
          -1.6331446236669906e-17,
          0.2667127574748984,
          1.200207408637043
        ],
        [
          0.26671275747489837,
          -5.901426370356061e-17,
          0.9637760657954398,
          4.33699229607948
        ],
        [
          0,
          0.9999999999999998,
          6.123233995736757e-17,
          2.755455298081541e-16
        ],
        [
          0,
          0,
          0,
          1
        ]
      ]
    },
    {
      "file_path": "pics_5/out069.png",
      "transform_matrix": [
        [
          -0.9924795345987097,
          7.495492078209307e-18,
          -0.12241067519921617,
          -0.5508480383964728
        ],
        [
          -0.12241067519921614,
          -6.077184426327815e-17,
          0.99247953459871,
          4.466157905694195
        ],
        [
          0,
          0.9999999999999998,
          6.123233995736757e-17,
          2.755455298081541e-16
        ],
        [
          0,
          0,
          0,
          1
        ]
      ]
    },
    {
      "file_path": "pics_5/out085.png",
      "transform_matrix": [
        [
          -0.8700869911087113,
          3.018130967098605e-17,
          -0.49289819222978404,
          -2.218041865034028
        ],
        [
          -0.4928981922297839,
          -5.327746243205168e-17,
          0.8700869911087116,
          3.9153914599892015
        ],
        [
          0,
          1,
          6.12323399573676e-17,
          2.755455298081541e-16
        ],
        [
          0,
          0,
          0,
          1
        ]
      ]
    },
    {
      "file_path": "pics_5/out101.png",
      "transform_matrix": [
        [
          -0.6152315905806268,
          4.827229646060863e-17,
          -0.7883464276266063,
          -3.5475589243197274
        ],
        [
          -0.7883464276266061,
          -3.767206990694493e-17,
          0.6152315905806269,
          2.768542157612821
        ],
        [
          0,
          1,
          6.123233995736759e-17,
          2.755455298081541e-16
        ],
        [
          0,
          0,
          0,
          1
        ]
      ]
    },
    {
      "file_path": "pics_5/out117.png",
      "transform_matrix": [
        [
          -0.26671275747489886,
          5.901426370356063e-17,
          -0.9637760657954398,
          -4.336992296079479
        ],
        [
          -0.9637760657954396,
          -1.633144623666994e-17,
          0.2667127574748989,
          1.2002074086370447
        ],
        [
          0,
          1,
          6.123233995736757e-17,
          2.755455298081541e-16
        ],
        [
          0,
          0,
          0,
          1
        ]
      ]
    },
    {
      "file_path": "pics_5/out133.png",
      "transform_matrix": [
        [
          0.12241067519921607,
          6.077184426327815e-17,
          -0.99247953459871,
          -4.466157905694195
        ],
        [
          -0.9924795345987097,
          7.495492078209303e-18,
          -0.1224106751992161,
          -0.5508480383964725
        ],
        [
          0,
          0.9999999999999998,
          6.123233995736757e-17,
          2.755455298081541e-16
        ],
        [
          0,
          0,
          0,
          1
        ]
      ]
    },
    {
      "file_path": "pics_5/out149.png",
      "transform_matrix": [
        [
          0.49289819222978415,
          5.327746243205165e-17,
          -0.8700869911087113,
          -3.9153914599892
        ],
        [
          -0.8700869911087111,
          3.0181309670986056e-17,
          -0.49289819222978426,
          -2.218041865034029
        ],
        [
          0,
          0.9999999999999998,
          6.123233995736757e-17,
          2.755455298081541e-16
        ],
        [
          0,
          0,
          0,
          1
        ]
      ]
    },
    {
      "file_path": "pics_5/out165.png",
      "transform_matrix": [
        [
          0.7883464276266059,
          3.767206990694496e-17,
          -0.6152315905806274,
          -2.7685421576128233
        ],
        [
          -0.6152315905806274,
          4.8272296460608605e-17,
          -0.7883464276266059,
          -3.5475589243197265
        ],
        [
          0,
          1,
          6.123233995736757e-17,
          2.755455298081541e-16
        ],
        [
          0,
          0,
          0,
          1
        ]
      ]
    },
    {
      "file_path": "pics_5/out181.png",
      "transform_matrix": [
        [
          0.9637760657954398,
          1.6331446236669918e-17,
          -0.26671275747489853,
          -1.2002074086370433
        ],
        [
          -0.26671275747489853,
          5.901426370356063e-17,
          -0.9637760657954398,
          -4.33699229607948
        ],
        [
          -3.0814879110195774e-33,
          1,
          6.123233995736756e-17,
          2.7554552980815403e-16
        ],
        [
          0,
          0,
          0,
          1
        ]
      ]
    },
    {
      "file_path": "pics_5/out197.png",
      "transform_matrix": [
        [
          0.99247953459871,
          -7.495492078209275e-18,
          0.12241067519921563,
          0.5508480383964703
        ],
        [
          0.1224106751992156,
          6.077184426327818e-17,
          -0.9924795345987102,
          -4.466157905694196
        ],
        [
          -1.5407439555097887e-33,
          1,
          6.123233995736759e-17,
          2.7554552980815413e-16
        ],
        [
          0,
          0,
          0,
          1
        ]
      ]
    },
    {
      "file_path": "pics_5/out213.png",
      "transform_matrix": [
        [
          0.8700869911087113,
          -3.018130967098603e-17,
          0.49289819222978387,
          2.2180418650340274
        ],
        [
          0.49289819222978376,
          5.3277462432051664e-17,
          -0.8700869911087116,
          -3.915391459989202
        ],
        [
          -3.081487911019576e-33,
          0.9999999999999998,
          6.123233995736757e-17,
          2.755455298081541e-16
        ],
        [
          0,
          0,
          0,
          1
        ]
      ]
    },
    {
      "file_path": "pics_5/out229.png",
      "transform_matrix": [
        [
          0.6152315905806266,
          -4.827229646060864e-17,
          0.7883464276266064,
          3.547558924319729
        ],
        [
          0.7883464276266064,
          3.767206990694491e-17,
          -0.6152315905806266,
          -2.7685421576128197
        ],
        [
          0,
          1,
          6.123233995736757e-17,
          2.755455298081541e-16
        ],
        [
          0,
          0,
          0,
          1
        ]
      ]
    },
    {
      "file_path": "pics_5/out245.png",
      "transform_matrix": [
        [
          0.26671275747489853,
          -5.901426370356063e-17,
          0.9637760657954398,
          4.33699229607948
        ],
        [
          0.9637760657954398,
          1.6331446236669918e-17,
          -0.26671275747489853,
          -1.2002074086370436
        ],
        [
          -3.0814879110195774e-33,
          1,
          6.123233995736756e-17,
          2.7554552980815403e-16
        ],
        [
          0,
          0,
          0,
          1
        ]
      ]
    }
  ]
}