{
  "camera_angle_x": 0.7853981633974483,
  "fl_x": 2414.213562373095,
  "fl_y": 2414.213562373095,
  "w": 2000,
  "h": 2000,
  "cx": 1000,
  "cy": 1000,
  "frames": [
    {
      "file_path": "pics_6/out006.png",
      "transform_matrix": [
        [
          -0.14673047445536172,
          -6.056959233600587e-17,
          0.989176509964781,
          4.4512942948415155
        ],
        [
          0.989176509964781,
          -8.984650293956548e-18,
          0.14673047445536172,
          0.660287135049128
        ],
        [
          0,
          1,
          6.123233995736759e-17,
          2.755455298081542e-16
        ],
        [
          0,
          0,
          0,
          1
        ]
      ]
    },
    {
      "file_path": "pics_6/out022.png",
      "transform_matrix": [
        [
          -0.5141027441932217,
          -5.252072983869699e-17,
          0.857728610000272,
          3.8597787450012246
        ],
        [
          0.857728610000272,
          -3.147971400545492e-17,
          0.5141027441932217,
          2.313462348869498
        ],
        [
          -3.081487911019576e-33,
          0.9999999999999998,
          6.123233995736756e-17,
          2.755455298081541e-16
        ],
        [
          0,
          0,
          0,
          1
        ]
      ]
    },
    {
      "file_path": "pics_6/out038.png",
      "transform_matrix": [
        [
          -0.8032075314806447,
          -3.647606232504809e-17,
          0.5956993044924334,
          2.68064687021595
        ],
        [
          0.5956993044924332,
          -4.918227662394085e-17,
          0.8032075314806449,
          3.6144338916629017
        ],
        [
          0,
          0.9999999999999998,
          6.123233995736757e-17,
          2.7554552980815403e-16
        ],
        [
          0,
          0,
          0,
          1
        ]
      ]
    },
    {
      "file_path": "pics_6/out054.png",
      "transform_matrix": [
        [
          -0.970031253194544,
          -1.4878244978738993e-17,
          0.24298017990326398,
          1.093410809564688
        ],
        [
          0.24298017990326398,
          -5.939728346487962e-17,
          0.970031253194544,
          4.365140639375448
        ],
        [
          0,
          1,
          6.123233995736757e-17,
          2.755455298081541e-16
        ],
        [
          0,
          0,
          0,
          1
        ]
      ]
    },
    {
      "file_path": "pics_6/out070.png",
      "transform_matrix": [
        [
          -0.989176509964781,
          8.984650293956542e-18,
          -0.14673047445536164,
          -0.6602871350491274
        ],
        [
          -0.14673047445536164,
          -6.056959233600587e-17,
          0.989176509964781,
          4.451294294841515
        ],
        [
          0,
          1,
          6.123233995736759e-17,
          2.7554552980815413e-16
        ],
        [
          0,
          0,
          0,
          1
        ]
      ]
    },
    {
      "file_path": "pics_6/out086.png",
      "transform_matrix": [
        [
          -0.8577286100002722,
          3.147971400545492e-17,
          -0.5141027441932216,
          -2.3134623488694976
        ],
        [
          -0.5141027441932216,
          -5.252072983869702e-17,
          0.8577286100002722,
          3.859778745001226
        ],
        [
          0,
          1,
          6.123233995736757e-17,
          2.755455298081541e-16
        ],
        [
          0,
          0,
          0,
          1
        ]
      ]
    },
    {
      "file_path": "pics_6/out102.png",
      "transform_matrix": [
        [
          -0.5956993044924335,
          4.9182276623940865e-17,
          -0.8032075314806448,
          -3.6144338916629013
        ],
        [
          -0.8032075314806448,
          -3.647606232504811e-17,
          0.5956993044924335,
          2.680646870215951
        ],
        [
          0,
          1,
          6.123233995736757e-17,
          2.755455298081541e-16
        ],
        [
          0,
          0,
          0,
          1
        ]
      ]
    },
    {
      "file_path": "pics_6/out118.png",
      "transform_matrix": [
        [
          -0.24298017990326404,
          5.939728346487962e-17,
          -0.970031253194544,
          -4.365140639375449
        ],
        [
          -0.970031253194544,
          -1.4878244978738996e-17,
          0.24298017990326404,
          1.0934108095646884
        ],
        [
          0,
          1,
          6.123233995736757e-17,
          2.755455298081542e-16
        ],
        [
          0,
          0,
          0,
          1
        ]
      ]
    },
    {
      "file_path": "pics_6/out134.png",
      "transform_matrix": [
        [
          0.14673047445536155,
          6.056959233600587e-17,
          -0.989176509964781,
          -4.451294294841515
        ],
        [
          -0.989176509964781,
          8.984650293956537e-18,
          -0.14673047445536155,
          -0.660287135049127
        ],
        [
          0,
          1,
          6.123233995736759e-17,
          2.7554552980815413e-16
        ],
        [
          0,
          0,
          0,
          1
        ]
      ]
    },
    {
      "file_path": "pics_6/out150.png",
      "transform_matrix": [
        [
          0.5141027441932216,
          5.252072983869702e-17,
          -0.8577286100002722,
          -3.859778745001226
        ],
        [
          -0.8577286100002722,
          3.147971400545492e-17,
          -0.5141027441932216,
          -2.3134623488694976
        ],
        [
          0,
          1,
          6.123233995736757e-17,
          2.755455298081541e-16
        ],
        [
          0,
          0,
          0,
          1
        ]
      ]
    },
    {
      "file_path": "pics_6/out166.png",
      "transform_matrix": [
        [
          0.8032075314806449,
          3.6476062325048096e-17,
          -0.5956993044924332,
          -2.6806468702159494
        ],
        [
          -0.5956993044924331,
          4.9182276623940883e-17,
          -0.8032075314806452,
          -3.614433891662903
        ],
        [
          0,
          1,
          6.12323399573676e-17,
          2.755455298081541e-16
        ],
        [
          0,
          0,
          0,
          1
        ]
      ]
    },
    {
      "file_path": "pics_6/out182.png",
      "transform_matrix": [
        [
          0.970031253194544,
          1.4878244978739003e-17,
          -0.24298017990326412,
          -1.0934108095646888
        ],
        [
          -0.24298017990326412,
          5.939728346487962e-17,
          -0.970031253194544,
          -4.365140639375449
        ],
        [
          0,
          1,
          6.123233995736757e-17,
          2.7554552980815413e-16
        ],
        [
          0,
          0,
          0,
          1
        ]
      ]
    },
    {
      "file_path": "pics_6/out198.png",
      "transform_matrix": [
        [
          0.9891765099647808,
          -8.98465029395656e-18,
          0.14673047445536194,
          0.6602871350491286
        ],
        [
          0.14673047445536194,
          6.056959233600585e-17,
          -0.9891765099647808,
          -4.451294294841514
        ],
        [
          0,
          0.9999999999999998,
          6.123233995736757e-17,
          2.7554552980815413e-16
        ],
        [
          0,
          0,
          0,
          1
        ]
      ]
    },
    {
      "file_path": "pics_6/out214.png",
      "transform_matrix": [
        [
          0.8577286100002722,
          -3.1479714005454914e-17,
          0.5141027441932214,
          2.3134623488694963
        ],
        [
          0.5141027441932213,
          5.252072983869703e-17,
          -0.8577286100002725,
          -3.859778745001226
        ],
        [
          0,
          1,
          6.12323399573676e-17,
          2.7554552980815413e-16
        ],
        [
          0,
          0,
          0,
          1
        ]
      ]
    },
    {
      "file_path": "pics_6/out230.png",
      "transform_matrix": [
        [
          0.5956993044924331,
          -4.9182276623940883e-17,
          0.8032075314806452,
          3.614433891662903
        ],
        [
          0.8032075314806449,
          3.6476062325048096e-17,
          -0.5956993044924332,
          -2.6806468702159494
        ],
        [
          0,
          1,
          6.12323399573676e-17,
          2.755455298081541e-16
        ],
        [
          0,
          0,
          0,
          1
        ]
      ]
    },
    {
      "file_path": "pics_6/out246.png",
      "transform_matrix": [
        [
          0.24298017990326418,
          -5.939728346487962e-17,
          0.970031253194544,
          4.365140639375449
        ],
        [
          0.970031253194544,
          1.4878244978739006e-17,
          -0.24298017990326418,
          -1.093410809564689
        ],
        [
          0,
          1,
          6.123233995736757e-17,
          2.7554552980815413e-16
        ],
        [
          0,
          0,
          0,
          1
        ]
      ]
    }
  ]
}