{
  "camera_angle_x": 0.7853981633974483,
  "fl_x": 2414.213562373095,
  "fl_y": 2414.213562373095,
  "w": 2000,
  "h": 2000,
  "cx": 1000,
  "cy": 1000,
  "frames": [
    {
      "file_path": "pics_3/out003.png",
      "transform_matrix": [
        [
          -0.07356456359966743,
          -6.106642827958792e-17,
          0.9972904566786902,
          4.487807055054107
        ],
        [
          0.9972904566786902,
          -4.504530367150224e-18,
          0.07356456359966743,
          0.3310405361985035
        ],
        [
          0,
          1,
          6.123233995736757e-17,
          2.7554552980815413e-16
        ],
        [
          0,
          0,
          0,
          1
        ]
      ]
    },
    {
      "file_path": "pics_3/out019.png",
      "transform_matrix": [
        [
          -0.4496113296546066,
          -5.469421406898588e-17,
          0.8932243011955153,
          4.019509355379819
        ],
        [
          0.8932243011955153,
          -2.7530753786094932e-17,
          0.4496113296546066,
          2.0232509834457297
        ],
        [
          0,
          1,
          6.123233995736757e-17,
          2.755455298081541e-16
        ],
        [
          0,
          0,
          0,
          1
        ]
      ]
    },
    {
      "file_path": "pics_3/out035.png",
      "transform_matrix": [
        [
          -0.7572088465064843,
          -3.999530157066591e-17,
          0.6531728429537766,
          2.9392777932919953
        ],
        [
          0.6531728429537765,
          -4.636566950801121e-17,
          0.7572088465064846,
          3.40743980927918
        ],
        [
          0,
          0.9999999999999998,
          6.123233995736757e-17,
          2.755455298081541e-16
        ],
        [
          0,
          0,
          0,
          1
        ]
      ]
    },
    {
      "file_path": "pics_3/out051.png",
      "transform_matrix": [
        [
          -0.9495281805930366,
          -1.9207466966523647e-17,
          0.3136817403988915,
          1.411567831795012
        ],
        [
          0.31368174039889146,
          -5.814183235317354e-17,
          0.9495281805930368,
          4.272876812668666
        ],
        [
          3.0814879110195774e-33,
          1,
          6.12323399573676e-17,
          2.7554552980815413e-16
        ],
        [
          0,
          0,
          0,
          1
        ]
      ]
    },
    {
      "file_path": "pics_3/out067.png",
      "transform_matrix": [
        [
          -0.9972904566786902,
          4.504530367150219e-18,
          -0.07356456359966734,
          -0.3310405361985031
        ],
        [
          -0.07356456359966734,
          -6.106642827958792e-17,
          0.9972904566786902,
          4.487807055054107
        ],
        [
          0,
          1,
          6.123233995736757e-17,
          2.7554552980815413e-16
        ],
        [
          0,
          0,
          0,
          1
        ]
      ]
    },
    {
      "file_path": "pics_3/out083.png",
      "transform_matrix": [
        [
          -0.8932243011955151,
          2.7530753786094926e-17,
          -0.4496113296546066,
          -2.02325098344573
        ],
        [
          -0.4496113296546066,
          -5.4694214068985854e-17,
          0.8932243011955151,
          4.019509355379819
        ],
        [
          0,
          0.9999999999999998,
          6.123233995736755e-17,
          2.755455298081541e-16
        ],
        [
          0,
          0,
          0,
          1
        ]
      ]
    },
    {
      "file_path": "pics_3/out099.png",
      "transform_matrix": [
        [
          -0.6531728429537766,
          4.636566950801123e-17,
          -0.7572088465064847,
          -3.407439809279181
        ],
        [
          -0.7572088465064847,
          -3.999530157066591e-17,
          0.6531728429537766,
          2.939277793291995
        ],
        [
          0,
          1,
          6.123233995736757e-17,
          2.755455298081541e-16
        ],
        [
          0,
          0,
          0,
          1
        ]
      ]
    },
    {
      "file_path": "pics_3/out115.png",
      "transform_matrix": [
        [
          -0.3136817403988914,
          5.814183235317356e-17,
          -0.9495281805930369,
          -4.272876812668666
        ],
        [
          -0.9495281805930367,
          -1.9207466966523647e-17,
          0.31368174039889146,
          1.4115678317950116
        ],
        [
          0,
          1,
          6.12323399573676e-17,
          2.755455298081542e-16
        ],
        [
          0,
          0,
          0,
          1
        ]
      ]
    },
    {
      "file_path": "pics_3/out131.png",
      "transform_matrix": [
        [
          0.07356456359966702,
          6.106642827958791e-17,
          -0.9972904566786902,
          -4.487807055054106
        ],
        [
          -0.99729045667869,
          4.504530367150199e-18,
          -0.07356456359966704,
          -0.33104053619850166
        ],
        [
          0,
          0.9999999999999998,
          6.123233995736757e-17,
          2.7554552980815403e-16
        ],
        [
          0,
          0,
          0,
          1
        ]
      ]
    },
    {
      "file_path": "pics_3/out147.png",
      "transform_matrix": [
        [
          0.4496113296546066,
          5.469421406898588e-17,
          -0.8932243011955153,
          -4.019509355379819
        ],
        [
          -0.8932243011955153,
          2.7530753786094932e-17,
          -0.4496113296546066,
          -2.0232509834457297
        ],
        [
          0,
          1,
          6.123233995736757e-17,
          2.755455298081541e-16
        ],
        [
          0,
          0,
          0,
          1
        ]
      ]
    },
    {
      "file_path": "pics_3/out163.png",
      "transform_matrix": [
        [
          0.7572088465064841,
          3.999530157066595e-17,
          -0.6531728429537772,
          -2.9392777932919967
        ],
        [
          -0.6531728429537771,
          4.636566950801121e-17,
          -0.7572088465064843,
          -3.407439809279179
        ],
        [
          6.162975822039155e-33,
          1,
          6.123233995736759e-17,
          2.755455298081541e-16
        ],
        [
          0,
          0,
          0,
          1
        ]
      ]
    },
    {
      "file_path": "pics_3/out179.png",
      "transform_matrix": [
        [
          0.9495281805930366,
          1.9207466966523647e-17,
          -0.3136817403988915,
          -1.4115678317950118
        ],
        [
          -0.31368174039889146,
          5.814183235317354e-17,
          -0.9495281805930368,
          -4.272876812668666
        ],
        [
          3.0814879110195774e-33,
          1,
          6.12323399573676e-17,
          2.7554552980815413e-16
        ],
        [
          0,
          0,
          0,
          1
        ]
      ]
    },
    {
      "file_path": "pics_3/out195.png",
      "transform_matrix": [
        [
          0.9972904566786902,
          -4.504530367150252e-18,
          0.07356456359966788,
          0.33104053619850554
        ],
        [
          0.07356456359966788,
          6.106642827958792e-17,
          -0.9972904566786902,
          -4.487807055054107
        ],
        [
          0,
          1,
          6.123233995736759e-17,
          2.7554552980815413e-16
        ],
        [
          0,
          0,
          0,
          1
        ]
      ]
    },
    {
      "file_path": "pics_3/out211.png",
      "transform_matrix": [
        [
          0.8932243011955153,
          -2.7530753786094932e-17,
          0.4496113296546066,
          2.0232509834457297
        ],
        [
          0.4496113296546066,
          5.469421406898588e-17,
          -0.8932243011955153,
          -4.019509355379819
        ],
        [
          0,
          1,
          6.123233995736757e-17,
          2.755455298081541e-16
        ],
        [
          0,
          0,
          0,
          1
        ]
      ]
    },
    {
      "file_path": "pics_3/out227.png",
      "transform_matrix": [
        [
          0.6531728429537771,
          -4.636566950801121e-17,
          0.7572088465064843,
          3.407439809279179
        ],
        [
          0.7572088465064841,
          3.999530157066595e-17,
          -0.6531728429537772,
          -2.9392777932919967
        ],
        [
          6.162975822039155e-33,
          1,
          6.123233995736759e-17,
          2.755455298081541e-16
        ],
        [
          0,
          0,
          0,
          1
        ]
      ]
    },
    {
      "file_path": "pics_3/out243.png",
      "transform_matrix": [
        [
          0.31368174039889146,
          -5.814183235317354e-17,
          0.9495281805930368,
          4.272876812668666
        ],
        [
          0.9495281805930366,
          1.9207466966523647e-17,
          -0.3136817403988915,
          -1.411567831795012
        ],
        [
          3.0814879110195774e-33,
          1,
          6.12323399573676e-17,
          2.7554552980815413e-16
        ],
        [
          0,
          0,
          0,
          1
        ]
      ]
    }
  ]
}