{
  "camera_angle_x": 0.6911112070083618,
  "frames": [
    {
      "file_path": "im_0.png",
      "transform_matrix": [
        [
          -0.9993860721588135,
          -0.033943500369787216,
          0.008676137775182724,
          0.096141017973423
        ],
        [
          0.03503479063510895,
          -0.968256413936615,
          0.2474914789199829,
          2.74247407913208
        ],
        [
          0.0,
          0.24764351546764374,
          0.9688512086868286,
          10.735929489135742
        ],
        [
          0.0,
          0.0,
          0.0,
          1.0
        ]
      ]
    },
    {
      "file_path": "im_1.png",
      "transform_matrix": [
        [
          -0.25121819972991943,
          -0.8740227222442627,
          0.41590115427970886,
          4.60863733291626
        ],
        [
          0.9679304957389832,
          -0.22684521973133087,
          0.10794363170862198,
          1.1961328983306885
        ],
        [
          0.0,
          0.42968079447746277,
          0.9029808640480042,
          10.006014823913574
        ],
        [
          0.0,
          0.0,
          0.0,
          1.0
        ]
      ]
    },
    {
      "file_path": "im_2.png",
      "transform_matrix": [
        [
          -0.9351941347122192,
          -0.2280622124671936,
          0.2709234356880188,
          3.002127170562744
        ],
        [
          0.3541354238986969,
          -0.6022624373435974,
          0.7154495716094971,
          7.927961349487305
        ],
        [
          0.0,
          0.7650278806686401,
          0.6439971923828125,
          7.13619327545166
        ],
        [
          0.0,
          0.0,
          0.0,
          1.0
        ]
      ]
    },
    {
      "file_path": "im_3.png",
      "transform_matrix": [
        [
          -0.6041070818901062,
          0.6555187702178955,
          -0.45315536856651306,
          -5.021454811096191
        ],
        [
          -0.796903133392334,
          -0.49692806601524353,
          0.3435227572917938,
          3.8066062927246094
        ],
        [
          0.0,
          0.5686454176902771,
          0.8225827217102051,
          9.115116119384766
        ],
        [
          0.0,
          0.0,
          0.0,
          1.0
        ]
      ]
    },
    {
      "file_path": "im_4.png",
      "transform_matrix": [
        [
          -0.11583994328975677,
          -0.49647143483161926,
          0.8602890372276306,
          9.532940864562988
        ],
        [
          0.9932678937911987,
          -0.05790102109313011,
          0.10033126920461655,
          1.1117799282073975
        ],
        [
          0.0,
          0.8661198019981384,
          0.49983638525009155,
          5.538734436035156
        ],
        [
          0.0,
          0.0,
          0.0,
          1.0
        ]
      ]
    },
    {
      "file_path": "im_5.png",
      "transform_matrix": [
        [
          0.7973141074180603,
          -0.07837945222854614,
          0.5984537601470947,
          6.631521224975586
        ],
        [
          0.6035646200180054,
          0.10353993624448776,
          -0.7905625700950623,
          -8.760296821594238
        ],
        [
          0.0,
          0.9915322065353394,
          0.12986090779304504,
          1.439002513885498
        ],
        [
          0.0,
          0.0,
          0.0,
          1.0
        ]
      ]
    },
    {
      "file_path": "im_6.png",
      "transform_matrix": [
        [
          0.49200040102005005,
          -0.010350807569921017,
          0.8705334067344666,
          9.64646053314209
        ],
        [
          0.8705949783325195,
          0.0058495644479990005,
          -0.4919656217098236,
          -5.451516151428223
        ],
        [
          0.0,
          0.9999293088912964,
          0.011889348737895489,
          0.131748765707016
        ],
        [
          0.0,
          0.0,
          0.0,
          1.0
        ]
      ]
    },
    {
      "file_path": "im_7.png",
      "transform_matrix": [
        [
          0.9999496340751648,
          0.006903090048581362,
          -0.007284337654709816,
          -0.08071840554475784
        ],
        [
          -0.010035648010671139,
          0.6878222823143005,
          -0.7258097529411316,
          -8.042763710021973
        ],
        [
          0.0,
          0.7258462905883789,
          0.6878569722175598,
          7.6222076416015625
        ],
        [
          0.0,
          0.0,
          0.0,
          1.0
        ]
      ]
    },
    {
      "file_path": "im_8.png",
      "transform_matrix": [
        [
          0.7124744653701782,
          0.46622034907341003,
          -0.5244222283363342,
          -5.8111701011657715
        ],
        [
          -0.7016980051994324,
          0.4733804166316986,
          -0.5324761271476746,
          -5.900416374206543
        ],
        [
          0.0,
          0.7473617196083069,
          0.6644173860549927,
          7.362471580505371
        ],
        [
          0.0,
          0.0,
          0.0,
          1.0
        ]
      ]
    },
    {
      "file_path": "im_9.png",
      "transform_matrix": [
        [
          0.8748162388801575,
          0.30757656693458557,
          -0.3742903172969818,
          -4.147544860839844
        ],
        [
          -0.4844549298286438,
          0.5554138422012329,
          -0.6758838295936584,
          -7.489529609680176
        ],
        [
          0.0,
          0.7726008892059326,
          0.6348919868469238,
          7.035297870635986
        ],
        [
          0.0,
          0.0,
          0.0,
          1.0
        ]
      ]
    }
  ]
}