{
  "camera_angle_x": 0.8640761828947948,
  "w": 2000.0,
  "h": 2000.0,
  "cx": 1000.0,
  "cy": 1000.0,
  "fl_x": 2168.7735,
  "fl_y": 2168.7735,
  "frames": [
    {
      "file_path": "images/image_0001.png",
      "transform_matrix": [
        [
          0.0,
          0.0,
          1.0,
          2.5330862216
        ],
        [
          1.0,
          0.0,
          -0.0,
          0.0
        ],
        [
          -0.0,
          1.0,
          0.0,
          0.0
        ],
        [
          0.0,
          0.0,
          0.0,
          1.0
        ]
      ]
    },
    {
      "file_path": "images/image_0002.png",
      "transform_matrix": [
        [
          0.0245194185,
          0.0,
          0.9996993539,
          2.532324659
        ],
        [
          0.9996993539,
          0.0,
          -0.0245194185,
          -0.0621098011
        ],
        [
          -0.0,
          1.0,
          0.0,
          0.0
        ],
        [
          0.0,
          0.0,
          0.0,
          1.0
        ]
      ]
    },
    {
      "file_path": "images/image_0003.png",
      "transform_matrix": [
        [
          0.0490589582,
          0.0,
          0.9987958844,
          2.5300360929
        ],
        [
          0.9987958844,
          0.0,
          -0.0490589582,
          -0.124270571
        ],
        [
          -0.0,
          1.0,
          0.0,
          0.0
        ],
        [
          0.0,
          0.0,
          0.0,
          1.0
        ]
      ]
    },
    {
      "file_path": "images/image_0004.png",
      "transform_matrix": [
        [
          0.0735515091,
          0.0,
          0.9972914196,
          2.5262251538
        ],
        [
          0.9972914196,
          0.0,
          -0.0735515091,
          -0.1863123143
        ],
        [
          -0.0,
          1.0,
          0.0,
          0.0
        ],
        [
          0.0,
          0.0,
          0.0,
          1.0
        ]
      ]
    },
    {
      "file_path": "images/image_0005.png",
      "transform_matrix": [
        [
          0.0979997711,
          0.0,
          0.9951864372,
          2.5208930521
        ],
        [
          0.9951864372,
          0.0,
          -0.0979997711,
          -0.2482418698
        ],
        [
          -0.0,
          1.0,
          0.0,
          0.0
        ],
        [
          0.0,
          0.0,
          0.0,
          1.0
        ]
      ]
    },
    {
      "file_path": "images/image_0006.png",
      "transform_matrix": [
        [
          0.1223890226,
          0.0,
          0.9924822049,
          2.5140429985
        ],
        [
          0.9924822049,
          0.0,
          -0.1223890226,
          -0.3100219469
        ],
        [
          -0.0,
          1.0,
          0.0,
          0.0
        ],
        [
          0.0,
          0.0,
          0.0,
          1.0
        ]
      ]
    },
    {
      "file_path": "images/image_0007.png",
      "transform_matrix": [
        [
          0.1467218423,
          0.0,
          0.9891777904,
          2.5056726316
        ],
        [
          0.9891777904,
          0.0,
          -0.1467218423,
          -0.371659077
        ],
        [
          -0.0,
          1.0,
          0.0,
          0.0
        ],
        [
          0.0,
          0.0,
          0.0,
          1.0
        ]
      ]
    },
    {
      "file_path": "images/image_0008.png",
      "transform_matrix": [
        [
          0.1709489915,
          0.0,
          0.9852798802,
          2.4957988889
        ],
        [
          0.9852798802,
          0.0,
          -0.1709489915,
          -0.4330285349
        ],
        [
          -0.0,
          1.0,
          0.0,
          0.0
        ],
        [
          0.0,
          0.0,
          0.0,
          1.0
        ]
      ]
    },
    {
      "file_path": "images/image_0009.png",
      "transform_matrix": [
        [
          0.1950732041,
          0.0,
          0.9807886852,
          2.4844223048
        ],
        [
          0.9807886852,
          0.0,
          -0.1950732041,
          -0.4941372454
        ],
        [
          -0.0,
          1.0,
          0.0,
          0.0
        ],
        [
          0.0,
          0.0,
          0.0,
          1.0
        ]
      ]
    },
    {
      "file_path": "images/image_0010.png",
      "transform_matrix": [
        [
          0.2190799536,
          0.0,
          0.9757069099,
          2.4715497297
        ],
        [
          0.9757069099,
          0.0,
          -0.2190799536,
          -0.5549484119
        ],
        [
          -0.0,
          1.0,
          0.0,
          0.0
        ],
        [
          0.0,
          0.0,
          0.0,
          1.0
        ]
      ]
    },
    {
      "file_path": "images/image_0011.png",
      "transform_matrix": [
        [
          0.2429547845,
          0.0,
          0.9700376141,
          2.4571889146
        ],
        [
          0.9700376141,
          0.0,
          -0.2429547845,
          -0.615425417
        ],
        [
          -0.0,
          1.0,
          0.0,
          0.0
        ],
        [
          0.0,
          0.0,
          0.0,
          1.0
        ]
      ]
    },
    {
      "file_path": "images/image_0012.png",
      "transform_matrix": [
        [
          0.2667001417,
          0.0,
          0.963779557,
          2.4413367164
        ],
        [
          0.963779557,
          0.0,
          -0.2667001417,
          -0.6755744541
        ],
        [
          -0.0,
          1.0,
          0.0,
          0.0
        ],
        [
          0.0,
          0.0,
          0.0,
          1.0
        ]
      ]
    },
    {
      "file_path": "images/image_0013.png",
      "transform_matrix": [
        [
          0.2902679755,
          0.0,
          0.956945402,
          2.4240252127
        ],
        [
          0.956945402,
          0.0,
          -0.2902679755,
          -0.7352738092
        ],
        [
          -0.0,
          1.0,
          0.0,
          0.0
        ],
        [
          0.0,
          0.0,
          0.0,
          1.0
        ]
      ]
    },
    {
      "file_path": "images/image_0014.png",
      "transform_matrix": [
        [
          0.3136610248,
          0.0,
          0.9495350238,
          2.4052540858
        ],
        [
          0.9495350238,
          0.0,
          -0.3136610248,
          -0.7945304203
        ],
        [
          -0.0,
          1.0,
          0.0,
          0.0
        ],
        [
          0.0,
          0.0,
          0.0,
          1.0
        ]
      ]
    },
    {
      "file_path": "images/image_0015.png",
      "transform_matrix": [
        [
          0.3368816369,
          0.0,
          0.9415470051,
          2.3850197455
        ],
        [
          0.9415470051,
          0.0,
          -0.3368816369,
          -0.8533502326
        ],
        [
          -0.0,
          1.0,
          0.0,
          0.0
        ],
        [
          0.0,
          0.0,
          0.0,
          1.0
        ]
      ]
    },
    {
      "file_path": "images/image_0016.png",
      "transform_matrix": [
        [
          0.3598828237,
          0.0,
          0.9329975098,
          2.3633631368
        ],
        [
          0.9329975098,
          0.0,
          -0.3598828237,
          -0.911614222
        ],
        [
          -0.0,
          1.0,
          0.0,
          0.0
        ],
        [
          0.0,
          0.0,
          0.0,
          1.0
        ]
      ]
    },
    {
      "file_path": "images/image_0017.png",
      "transform_matrix": [
        [
          0.3826673076,
          0.0,
          0.9238862115,
          2.3402834326
        ],
        [
          0.9238862115,
          0.0,
          -0.3826673076,
          -0.9693292843
        ],
        [
          -0.0,
          1.0,
          0.0,
          0.0
        ],
        [
          0.0,
          0.0,
          0.0,
          1.0
        ]
      ]
    },
    {
      "file_path": "images/image_0018.png",
      "transform_matrix": [
        [
          0.4052213689,
          0.0,
          0.9142185965,
          2.3157945303
        ],
        [
          0.9142185965,
          0.0,
          -0.4052213689,
          -1.0264606664
        ],
        [
          -0.0,
          1.0,
          0.0,
          0.0
        ],
        [
          0.0,
          0.0,
          0.0,
          1.0
        ]
      ]
    },
    {
      "file_path": "images/image_0019.png",
      "transform_matrix": [
        [
          0.4275472046,
          0.0,
          0.9039930242,
          2.2898922741
        ],
        [
          0.9039930242,
          0.0,
          -0.4275472046,
          -1.0830139331
        ],
        [
          -0.0,
          1.0,
          0.0,
          0.0
        ],
        [
          0.0,
          0.0,
          0.0,
          1.0
        ]
      ]
    },
    {
      "file_path": "images/image_0020.png",
      "transform_matrix": [
        [
          0.4495996373,
          0.0,
          0.8932301865,
          2.2626290782
        ],
        [
          0.8932301865,
          0.0,
          -0.4495996373,
          -1.1388746466
        ],
        [
          -0.0,
          1.0,
          0.0,
          0.0
        ],
        [
          0.0,
          0.0,
          0.0,
          1.0
        ]
      ]
    },
    {
      "file_path": "images/image_0021.png",
      "transform_matrix": [
        [
          0.4713813443,
          0.0,
          0.8819294916,
          2.2340034437
        ],
        [
          0.8819294916,
          0.0,
          -0.4713813443,
          -1.1940495884
        ],
        [
          -0.0,
          1.0,
          0.0,
          0.0
        ],
        [
          0.0,
          0.0,
          0.0,
          1.0
        ]
      ]
    },
    {
      "file_path": "images/image_0022.png",
      "transform_matrix": [
        [
          0.4928792098,
          0.0,
          0.8700977443,
          2.2040326075
        ],
        [
          0.8700977443,
          0.0,
          -0.4928792098,
          -1.2485055352
        ],
        [
          -0.0,
          1.0,
          0.0,
          0.0
        ],
        [
          0.0,
          0.0,
          0.0,
          1.0
        ]
      ]
    },
    {
      "file_path": "images/image_0023.png",
      "transform_matrix": [
        [
          0.5140952591,
          0.0,
          0.8577330964,
          2.1727118882
        ],
        [
          0.8577330964,
          0.0,
          -0.5140952591,
          -1.3022476174
        ],
        [
          -0.0,
          1.0,
          0.0,
          0.0
        ],
        [
          0.0,
          0.0,
          0.0,
          1.0
        ]
      ]
    },
    {
      "file_path": "images/image_0024.png",
      "transform_matrix": [
        [
          0.5349865607,
          0.0,
          0.8448605683,
          2.1401046647
        ],
        [
          0.8448605683,
          0.0,
          -0.5349865607,
          -1.3551670857
        ],
        [
          -0.0,
          1.0,
          0.0,
          0.0
        ],
        [
          0.0,
          0.0,
          0.0,
          1.0
        ]
      ]
    },
    {
      "file_path": "images/image_0025.png",
      "transform_matrix": [
        [
          0.5555557211,
          0.0,
          0.8314793087,
          2.1062087804
        ],
        [
          0.8314793087,
          0.0,
          -0.5555557211,
          -1.4072705423
        ],
        [
          -0.0,
          1.0,
          0.0,
          0.0
        ],
        [
          0.0,
          0.0,
          0.0,
          1.0
        ]
      ]
    },
    {
      "file_path": "images/image_0026.png",
      "transform_matrix": [
        [
          0.5757903543,
          0.0,
          0.8175973751,
          2.0710446458
        ],
        [
          0.8175973751,
          0.0,
          -0.5757903543,
          -1.4585266131
        ],
        [
          -0.0,
          1.0,
          0.0,
          0.0
        ],
        [
          0.0,
          0.0,
          0.0,
          1.0
        ]
      ]
    },
    {
      "file_path": "images/image_0027.png",
      "transform_matrix": [
        [
          0.5956922952,
          0.0,
          0.8032127299,
          2.0346070991
        ],
        [
          0.8032127299,
          0.0,
          -0.5956922952,
          -1.5089399452
        ],
        [
          -0.0,
          1.0,
          0.0,
          0.0
        ],
        [
          0.0,
          0.0,
          0.0,
          1.0
        ]
      ]
    },
    {
      "file_path": "images/image_0028.png",
      "transform_matrix": [
        [
          0.6152212711,
          0.0,
          0.7883544809,
          1.9969698734
        ],
        [
          0.7883544809,
          0.0,
          -0.6152212711,
          -1.5584085251
        ],
        [
          -0.0,
          1.0,
          0.0,
          0.0
        ],
        [
          0.0,
          0.0,
          0.0,
          1.0
        ]
      ]
    },
    {
      "file_path": "images/image_0029.png",
      "transform_matrix": [
        [
          0.6343797925,
          0.0,
          0.7730215255,
          1.9581301752
        ],
        [
          0.7730215255,
          0.0,
          -0.6343797925,
          -1.6069387116
        ],
        [
          -0.0,
          1.0,
          0.0,
          0.0
        ],
        [
          0.0,
          0.0,
          0.0,
          1.0
        ]
      ]
    },
    {
      "file_path": "images/image_0030.png",
      "transform_matrix": [
        [
          0.6531563231,
          0.0,
          0.7572230963,
          1.918111392
        ],
        [
          0.7572230963,
          0.0,
          -0.6531563231,
          -1.6545012825
        ],
        [
          -0.0,
          1.0,
          0.0,
          0.0
        ],
        [
          0.0,
          0.0,
          0.0,
          1.0
        ]
      ]
    },
    {
      "file_path": "images/image_0031.png",
      "transform_matrix": [
        [
          0.6715524888,
          0.0,
          0.7409569858,
          1.8769079315
        ],
        [
          0.7409569858,
          0.0,
          -0.6715524888,
          -1.7011003565
        ],
        [
          -0.0,
          1.0,
          0.0,
          0.0
        ],
        [
          0.0,
          0.0,
          0.0,
          1.0
        ]
      ]
    },
    {
      "file_path": "images/image_0032.png",
      "transform_matrix": [
        [
          0.6895310643,
          0.0,
          0.724256109,
          1.8346031705
        ],
        [
          0.724256109,
          0.0,
          -0.6895310643,
          -1.7466416384
        ],
        [
          -0.0,
          1.0,
          0.0,
          0.0
        ],
        [
          0.0,
          0.0,
          0.0,
          1.0
        ]
      ]
    },
    {
      "file_path": "images/image_0033.png",
      "transform_matrix": [
        [
          0.7070944397,
          0.0,
          0.7071191224,
          1.791193706
        ],
        [
          0.7071191224,
          0.0,
          -0.7070944397,
          -1.7911311827
        ],
        [
          -0.0,
          1.0,
          0.0,
          0.0
        ],
        [
          0.0,
          0.0,
          0.0,
          1.0
        ]
      ]
    },
    {
      "file_path": "images/image_0034.png",
      "transform_matrix": [
        [
          0.7242320393,
          0.0,
          0.6895563452,
          1.746705677
        ],
        [
          0.6895563452,
          0.0,
          -0.7242320393,
          -1.8345422001
        ],
        [
          -0.0,
          1.0,
          0.0,
          0.0
        ],
        [
          0.0,
          0.0,
          0.0,
          1.0
        ]
      ]
    },
    {
      "file_path": "images/image_0035.png",
      "transform_matrix": [
        [
          0.7409452649,
          0.0,
          0.6715654208,
          1.7011331144
        ],
        [
          0.6715654208,
          0.0,
          -0.7409452649,
          -1.8768782414
        ],
        [
          -0.0,
          1.0,
          0.0,
          0.0
        ],
        [
          0.0,
          0.0,
          0.0,
          1.0
        ]
      ]
    },
    {
      "file_path": "images/image_0036.png",
      "transform_matrix": [
        [
          0.7572002964,
          0.0,
          0.6531827547,
          1.6545682362
        ],
        [
          0.6531827547,
          0.0,
          -0.7572002964,
          -1.9180536379
        ],
        [
          -0.0,
          1.0,
          0.0,
          0.0
        ],
        [
          0.0,
          0.0,
          0.0,
          1.0
        ]
      ]
    },
    {
      "file_path": "images/image_0037.png",
      "transform_matrix": [
        [
          0.772999381,
          0.0,
          0.6344067756,
          1.6070070623
        ],
        [
          0.6344067756,
          0.0,
          -0.772999381,
          -1.9580740813
        ],
        [
          -0.0,
          1.0,
          0.0,
          0.0
        ],
        [
          0.0,
          0.0,
          0.0,
          1.0
        ]
      ]
    },
    {
      "file_path": "images/image_0038.png",
      "transform_matrix": [
        [
          0.7883437432,
          0.0,
          0.6152350304,
          1.5584433785
        ],
        [
          0.6152350304,
          0.0,
          -0.7883437432,
          -1.9969426737
        ],
        [
          -0.0,
          1.0,
          0.0,
          0.0
        ],
        [
          0.0,
          0.0,
          0.0,
          1.0
        ]
      ]
    },
    {
      "file_path": "images/image_0039.png",
      "transform_matrix": [
        [
          0.803202333,
          0.0,
          0.5957063138,
          1.5089754556
        ],
        [
          0.5957063138,
          0.0,
          -0.803202333,
          -2.0345807629
        ],
        [
          -0.0,
          1.0,
          0.0,
          0.0
        ],
        [
          0.0,
          0.0,
          0.0,
          1.0
        ]
      ]
    },
    {
      "file_path": "images/image_0040.png",
      "transform_matrix": [
        [
          0.8175772758,
          0.0,
          0.5758188935,
          1.4585989053
        ],
        [
          0.5758188935,
          0.0,
          -0.8175772758,
          -2.0709937324
        ],
        [
          -0.0,
          1.0,
          0.0,
          0.0
        ],
        [
          0.0,
          0.0,
          0.0,
          1.0
        ]
      ]
    },
    {
      "file_path": "images/image_0041.png",
      "transform_matrix": [
        [
          0.8314599156,
          0.0,
          0.5555847448,
          1.407344062
        ],
        [
          0.5555847448,
          0.0,
          -0.8314599156,
          -2.1061596561
        ],
        [
          -0.0,
          1.0,
          0.0,
          0.0
        ],
        [
          0.0,
          0.0,
          0.0,
          1.0
        ]
      ]
    },
    {
      "file_path": "images/image_0042.png",
      "transform_matrix": [
        [
          0.8448512309,
          0.0,
          0.5350013063,
          1.3552044374
        ],
        [
          0.5350013063,
          0.0,
          -0.8448512309,
          -2.1400810122
        ],
        [
          -0.0,
          1.0,
          0.0,
          0.0
        ],
        [
          0.0,
          0.0,
          0.0,
          1.0
        ]
      ]
    },
    {
      "file_path": "images/image_0043.png",
      "transform_matrix": [
        [
          0.8577241236,
          0.0,
          0.5141102293,
          1.3022855381
        ],
        [
          0.5141102293,
          0.0,
          -0.8577241236,
          -2.1726891594
        ],
        [
          -0.0,
          1.0,
          0.0,
          0.0
        ],
        [
          0.0,
          0.0,
          0.0,
          1.0
        ]
      ]
    },
    {
      "file_path": "images/image_0044.png",
      "transform_matrix": [
        [
          0.870080539,
          0.0,
          0.4929095816,
          1.2485824696
        ],
        [
          0.4929095816,
          0.0,
          -0.870080539,
          -2.2039890251
        ],
        [
          -0.0,
          1.0,
          0.0,
          0.0
        ],
        [
          0.0,
          0.0,
          0.0,
          1.0
        ]
      ]
    },
    {
      "file_path": "images/image_0045.png",
      "transform_matrix": [
        [
          0.8819130368,
          0.0,
          0.4714121292,
          1.1941275691
        ],
        [
          0.4714121292,
          0.0,
          -0.8819130368,
          -2.2339617621
        ],
        [
          -0.0,
          1.0,
          0.0,
          0.0
        ],
        [
          0.0,
          0.0,
          0.0,
          1.0
        ]
      ]
    },
    {
      "file_path": "images/image_0046.png",
      "transform_matrix": [
        [
          0.893214492,
          0.0,
          0.4496308167,
          1.1389536265
        ],
        [
          0.4496308167,
          0.0,
          -0.893214492,
          -2.2625893226
        ],
        [
          -0.0,
          1.0,
          0.0,
          0.0
        ],
        [
          0.0,
          0.0,
          0.0,
          1.0
        ]
      ]
    },
    {
      "file_path": "images/image_0047.png",
      "transform_matrix": [
        [
          0.903985562,
          0.0,
          0.4275629822,
          1.0830538991
        ],
        [
          0.4275629822,
          0.0,
          -0.903985562,
          -2.2898733715
        ],
        [
          -0.0,
          1.0,
          0.0,
          0.0
        ],
        [
          0.0,
          0.0,
          0.0,
          1.0
        ]
      ]
    },
    {
      "file_path": "images/image_0048.png",
      "transform_matrix": [
        [
          0.914204451,
          0.0,
          0.4052532809,
          1.0265415022
        ],
        [
          0.4052532809,
          0.0,
          -0.914204451,
          -2.3157586986
        ],
        [
          -0.0,
          1.0,
          0.0,
          0.0
        ],
        [
          0.0,
          0.0,
          0.0,
          1.0
        ]
      ]
    },
    {
      "file_path": "images/image_0049.png",
      "transform_matrix": [
        [
          0.9238728533,
          0.0,
          0.382699557,
          0.969410975
        ],
        [
          0.382699557,
          0.0,
          -0.9238728533,
          -2.3402495952
        ],
        [
          -0.0,
          1.0,
          0.0,
          0.0
        ],
        [
          0.0,
          0.0,
          0.0,
          1.0
        ]
      ]
    },
    {
      "file_path": "images/image_0050.png",
      "transform_matrix": [
        [
          0.9329912285,
          0.0,
          0.3598991075,
          0.9116554703
        ],
        [
          0.3598991075,
          0.0,
          -0.9329912285,
          -2.3633472258
        ],
        [
          -0.0,
          1.0,
          0.0,
          0.0
        ],
        [
          0.0,
          0.0,
          0.0,
          1.0
        ]
      ]
    },
    {
      "file_path": "images/image_0051.png",
      "transform_matrix": [
        [
          0.9415411252,
          0.0,
          0.3368980699,
          0.853391859
        ],
        [
          0.3368980699,
          0.0,
          -0.9415411252,
          -2.3850048514
        ],
        [
          -0.0,
          1.0,
          0.0,
          0.0
        ],
        [
          0.0,
          0.0,
          0.0,
          1.0
        ]
      ]
    },
    {
      "file_path": "images/image_0052.png",
      "transform_matrix": [
        [
          0.9495240744,
          0.0,
          0.3136941697,
          0.794614379
        ],
        [
          0.3136941697,
          0.0,
          -0.9495240744,
          -2.40522635
        ],
        [
          -0.0,
          1.0,
          0.0,
          0.0
        ],
        [
          0.0,
          0.0,
          0.0,
          1.0
        ]
      ]
    },
    {
      "file_path": "images/image_0053.png",
      "transform_matrix": [
        [
          0.9569352692,
          0.0,
          0.290301379,
          0.7353584232
        ],
        [
          0.290301379,
          0.0,
          -0.9569352692,
          -2.4239995453
        ],
        [
          -0.0,
          1.0,
          0.0,
          0.0
        ],
        [
          0.0,
          0.0,
          0.0,
          1.0
        ]
      ]
    },
    {
      "file_path": "images/image_0054.png",
      "transform_matrix": [
        [
          0.9637702468,
          0.0,
          0.2667337837,
          0.6756596724
        ],
        [
          0.2667337837,
          0.0,
          -0.9637702468,
          -2.441313133
        ],
        [
          -0.0,
          1.0,
          0.0,
          0.0
        ],
        [
          0.0,
          0.0,
          0.0,
          1.0
        ]
      ]
    },
    {
      "file_path": "images/image_0055.png",
      "transform_matrix": [
        [
          0.9700291328,
          0.0,
          0.242988645,
          0.6155111887
        ],
        [
          0.242988645,
          0.0,
          -0.9700291328,
          -2.4571674307
        ],
        [
          -0.0,
          1.0,
          0.0,
          0.0
        ],
        [
          0.0,
          0.0,
          0.0,
          1.0
        ]
      ]
    },
    {
      "file_path": "images/image_0056.png",
      "transform_matrix": [
        [
          0.9756992619,
          0.0,
          0.219114012,
          0.5550346849
        ],
        [
          0.219114012,
          0.0,
          -0.9756992619,
          -2.4715303568
        ],
        [
          -0.0,
          1.0,
          0.0,
          0.0
        ],
        [
          0.0,
          0.0,
          0.0,
          1.0
        ]
      ]
    },
    {
      "file_path": "images/image_0057.png",
      "transform_matrix": [
        [
          0.9807818753,
          0.0,
          0.1951074399,
          0.4942239678
        ],
        [
          0.1951074399,
          0.0,
          -0.9807818753,
          -2.4844050547
        ],
        [
          -0.0,
          1.0,
          0.0,
          0.0
        ],
        [
          0.0,
          0.0,
          0.0,
          1.0
        ]
      ]
    },
    {
      "file_path": "images/image_0058.png",
      "transform_matrix": [
        [
          0.9852768964,
          0.0,
          0.1709661878,
          0.4330720948
        ],
        [
          0.1709661878,
          0.0,
          -0.9852768964,
          -2.4957913308
        ],
        [
          -0.0,
          1.0,
          0.0,
          0.0
        ],
        [
          0.0,
          0.0,
          0.0,
          1.0
        ]
      ]
    },
    {
      "file_path": "images/image_0059.png",
      "transform_matrix": [
        [
          0.9891752295,
          0.0,
          0.1467391066,
          0.3717028092
        ],
        [
          0.1467391066,
          0.0,
          -0.9891752295,
          -2.5056661445
        ],
        [
          -0.0,
          1.0,
          0.0,
          0.0
        ],
        [
          0.0,
          0.0,
          0.0,
          1.0
        ]
      ]
    },
    {
      "file_path": "images/image_0060.png",
      "transform_matrix": [
        [
          0.9924779322,
          0.0,
          0.1224236667,
          0.3101097034
        ],
        [
          0.1224236667,
          0.0,
          -0.9924779322,
          -2.5140321752
        ],
        [
          -0.0,
          1.0,
          0.0,
          0.0
        ],
        [
          0.0,
          0.0,
          0.0,
          1.0
        ]
      ]
    },
    {
      "file_path": "images/image_0061.png",
      "transform_matrix": [
        [
          0.9951830158,
          0.0,
          0.0980345096,
          0.2483298654
        ],
        [
          0.0980345096,
          0.0,
          -0.9951830158,
          -2.5208843853
        ],
        [
          -0.0,
          1.0,
          0.0,
          0.0
        ],
        [
          0.0,
          0.0,
          0.0,
          1.0
        ]
      ]
    },
    {
      "file_path": "images/image_0062.png",
      "transform_matrix": [
        [
          0.9972888515,
          0.0,
          0.0735863211,
          0.186400496
        ],
        [
          0.0735863211,
          0.0,
          -0.9972888515,
          -2.5262186487
        ],
        [
          -0.0,
          1.0,
          0.0,
          0.0
        ],
        [
          0.0,
          0.0,
          0.0,
          1.0
        ]
      ]
    },
    {
      "file_path": "images/image_0063.png",
      "transform_matrix": [
        [
          0.998795028,
          0.0,
          0.0490763905,
          0.1243147285
        ],
        [
          0.0490763905,
          0.0,
          -0.998795028,
          -2.5300339236
        ],
        [
          -0.0,
          1.0,
          0.0,
          0.0
        ],
        [
          0.0,
          0.0,
          0.0,
          1.0
        ]
      ]
    },
    {
      "file_path": "images/image_0064.png",
      "transform_matrix": [
        [
          0.9996984974,
          0.0,
          0.0245543145,
          0.0621981959
        ],
        [
          0.0245543145,
          0.0,
          -0.9996984974,
          -2.5323224894
        ],
        [
          -0.0,
          1.0,
          0.0,
          0.0
        ],
        [
          0.0,
          0.0,
          0.0,
          1.0
        ]
      ]
    },
    {
      "file_path": "images/image_0065.png",
      "transform_matrix": [
        [
          0.9999999998,
          0.0,
          1.74533e-05,
          4.42107e-05
        ],
        [
          1.74533e-05,
          0.0,
          -0.9999999998,
          -2.5330862212
        ],
        [
          -0.0,
          1.0,
          0.0,
          0.0
        ],
        [
          0.0,
          0.0,
          0.0,
          1.0
        ]
      ]
    },
    {
      "file_path": "images/image_0066.png",
      "transform_matrix": [
        [
          0.9996993539,
          0.0,
          -0.0245194185,
          -0.0621098011
        ],
        [
          -0.0245194185,
          0.0,
          -0.9996993539,
          -2.532324659
        ],
        [
          0.0,
          1.0,
          0.0,
          0.0
        ],
        [
          0.0,
          0.0,
          0.0,
          1.0
        ]
      ]
    },
    {
      "file_path": "images/image_0067.png",
      "transform_matrix": [
        [
          0.9987958844,
          0.0,
          -0.0490589582,
          -0.124270571
        ],
        [
          -0.0490589582,
          0.0,
          -0.9987958844,
          -2.5300360929
        ],
        [
          0.0,
          1.0,
          0.0,
          0.0
        ],
        [
          0.0,
          0.0,
          0.0,
          1.0
        ]
      ]
    },
    {
      "file_path": "images/image_0068.png",
      "transform_matrix": [
        [
          0.9972914196,
          0.0,
          -0.0735515091,
          -0.1863123143
        ],
        [
          -0.0735515091,
          0.0,
          -0.9972914196,
          -2.5262251538
        ],
        [
          0.0,
          1.0,
          0.0,
          0.0
        ],
        [
          0.0,
          0.0,
          0.0,
          1.0
        ]
      ]
    },
    {
      "file_path": "images/image_0069.png",
      "transform_matrix": [
        [
          0.9951864372,
          0.0,
          -0.0979997711,
          -0.2482418698
        ],
        [
          -0.0979997711,
          0.0,
          -0.9951864372,
          -2.5208930521
        ],
        [
          0.0,
          1.0,
          0.0,
          0.0
        ],
        [
          0.0,
          0.0,
          0.0,
          1.0
        ]
      ]
    },
    {
      "file_path": "images/image_0070.png",
      "transform_matrix": [
        [
          0.9924800687,
          0.0,
          -0.1224063447,
          -0.3100658252
        ],
        [
          -0.1224063447,
          0.0,
          -0.9924800687,
          -2.5140375873
        ],
        [
          0.0,
          1.0,
          0.0,
          0.0
        ],
        [
          0.0,
          0.0,
          0.0,
          1.0
        ]
      ]
    },
    {
      "file_path": "images/image_0071.png",
      "transform_matrix": [
        [
          0.9891777904,
          0.0,
          -0.1467218423,
          -0.371659077
        ],
        [
          -0.1467218423,
          0.0,
          -0.9891777904,
          -2.5056726316
        ],
        [
          0.0,
          1.0,
          0.0,
          0.0
        ],
        [
          0.0,
          0.0,
          0.0,
          1.0
        ]
      ]
    },
    {
      "file_path": "images/image_0072.png",
      "transform_matrix": [
        [
          0.9852798802,
          0.0,
          -0.1709489915,
          -0.4330285349
        ],
        [
          -0.1709489915,
          0.0,
          -0.9852798802,
          -2.4957988889
        ],
        [
          0.0,
          1.0,
          0.0,
          0.0
        ],
        [
          0.0,
          0.0,
          0.0,
          1.0
        ]
      ]
    },
    {
      "file_path": "images/image_0073.png",
      "transform_matrix": [
        [
          0.9807886852,
          0.0,
          -0.1950732041,
          -0.4941372454
        ],
        [
          -0.1950732041,
          0.0,
          -0.9807886852,
          -2.4844223048
        ],
        [
          0.0,
          1.0,
          0.0,
          0.0
        ],
        [
          0.0,
          0.0,
          0.0,
          1.0
        ]
      ]
    },
    {
      "file_path": "images/image_0074.png",
      "transform_matrix": [
        [
          0.9757069099,
          0.0,
          -0.2190799536,
          -0.5549484119
        ],
        [
          -0.2190799536,
          0.0,
          -0.9757069099,
          -2.4715497297
        ],
        [
          0.0,
          1.0,
          0.0,
          0.0
        ],
        [
          0.0,
          0.0,
          0.0,
          1.0
        ]
      ]
    },
    {
      "file_path": "images/image_0075.png",
      "transform_matrix": [
        [
          0.9700333736,
          0.0,
          -0.2429717148,
          -0.6154683029
        ],
        [
          -0.2429717148,
          0.0,
          -0.9700333736,
          -2.4571781731
        ],
        [
          0.0,
          1.0,
          0.0,
          0.0
        ],
        [
          0.0,
          0.0,
          0.0,
          1.0
        ]
      ]
    },
    {
      "file_path": "images/image_0076.png",
      "transform_matrix": [
        [
          0.963779557,
          0.0,
          -0.2667001417,
          -0.6755744541
        ],
        [
          -0.2667001417,
          0.0,
          -0.963779557,
          -2.4413367164
        ],
        [
          0.0,
          1.0,
          0.0,
          0.0
        ],
        [
          0.0,
          0.0,
          0.0,
          1.0
        ]
      ]
    },
    {
      "file_path": "images/image_0077.png",
      "transform_matrix": [
        [
          0.956945402,
          0.0,
          -0.2902679755,
          -0.7352738092
        ],
        [
          -0.2902679755,
          0.0,
          -0.956945402,
          -2.4240252127
        ],
        [
          0.0,
          1.0,
          0.0,
          0.0
        ],
        [
          0.0,
          0.0,
          0.0,
          1.0
        ]
      ]
    },
    {
      "file_path": "images/image_0078.png",
      "transform_matrix": [
        [
          0.9495295493,
          0.0,
          -0.3136775973,
          -0.7945723997
        ],
        [
          -0.3136775973,
          0.0,
          -0.9495295493,
          -2.4052402183
        ],
        [
          0.0,
          1.0,
          0.0,
          0.0
        ],
        [
          0.0,
          0.0,
          0.0,
          1.0
        ]
      ]
    },
    {
      "file_path": "images/image_0079.png",
      "transform_matrix": [
        [
          0.9415470051,
          0.0,
          -0.3368816369,
          -0.8533502326
        ],
        [
          -0.3368816369,
          0.0,
          -0.9415470051,
          -2.3850197455
        ],
        [
          0.0,
          1.0,
          0.0,
          0.0
        ],
        [
          0.0,
          0.0,
          0.0,
          1.0
        ]
      ]
    },
    {
      "file_path": "images/image_0080.png",
      "transform_matrix": [
        [
          0.9329975098,
          0.0,
          -0.3598828237,
          -0.911614222
        ],
        [
          -0.3598828237,
          0.0,
          -0.9329975098,
          -2.3633631368
        ],
        [
          0.0,
          1.0,
          0.0,
          0.0
        ],
        [
          0.0,
          0.0,
          0.0,
          1.0
        ]
      ]
    },
    {
      "file_path": "images/image_0081.png",
      "transform_matrix": [
        [
          0.9238862115,
          0.0,
          -0.3826673076,
          -0.9693292843
        ],
        [
          -0.3826673076,
          0.0,
          -0.9238862115,
          -2.3402834326
        ],
        [
          0.0,
          1.0,
          0.0,
          0.0
        ],
        [
          0.0,
          0.0,
          0.0,
          1.0
        ]
      ]
    },
    {
      "file_path": "images/image_0082.png",
      "transform_matrix": [
        [
          0.9142115239,
          0.0,
          -0.405237325,
          -1.0265010845
        ],
        [
          -0.405237325,
          0.0,
          -0.9142115239,
          -2.3157766148
        ],
        [
          0.0,
          1.0,
          0.0,
          0.0
        ],
        [
          0.0,
          0.0,
          0.0,
          1.0
        ]
      ]
    },
    {
      "file_path": "images/image_0083.png",
      "transform_matrix": [
        [
          0.9039930242,
          0.0,
          -0.4275472046,
          -1.0830139331
        ],
        [
          -0.4275472046,
          0.0,
          -0.9039930242,
          -2.2898922741
        ],
        [
          0.0,
          1.0,
          0.0,
          0.0
        ],
        [
          0.0,
          0.0,
          0.0,
          1.0
        ]
      ]
    },
    {
      "file_path": "images/image_0084.png",
      "transform_matrix": [
        [
          0.8932301865,
          0.0,
          -0.4495996373,
          -1.1388746466
        ],
        [
          -0.4495996373,
          0.0,
          -0.8932301865,
          -2.2626290782
        ],
        [
          0.0,
          1.0,
          0.0,
          0.0
        ],
        [
          0.0,
          0.0,
          0.0,
          1.0
        ]
      ]
    },
    {
      "file_path": "images/image_0085.png",
      "transform_matrix": [
        [
          0.8819294916,
          0.0,
          -0.4713813443,
          -1.1940495884
        ],
        [
          -0.4713813443,
          0.0,
          -0.8819294916,
          -2.2340034437
        ],
        [
          0.0,
          1.0,
          0.0,
          0.0
        ],
        [
          0.0,
          0.0,
          0.0,
          1.0
        ]
      ]
    },
    {
