{
  "camera_angle_x": 0.6911112070083618,
  "frames": [
    {
      "file_path": "im_0.png",
      "transform_matrix": [
        [
          0.9946231842041016,
          0.015851153060793877,
          -0.10233993083238602,
          -0.724339485168457
        ],
        [
          -0.10356023162603378,
          0.15223917365074158,
          -0.9829030632972717,
          -6.956771373748779
        ],
        [
          0.0,
          0.9882165193557739,
          0.15306216478347778,
          1.0833414793014526
        ],
        [
          0.0,
          0.0,
          0.0,
          1.0
        ]
      ]
    },
    {
      "file_path": "im_1.png",
      "transform_matrix": [
        [
          0.4579125940799713,
          -0.47598639130592346,
          0.7508348226547241,
          5.314243316650391
        ],
        [
          0.8889971971511841,
          0.2451753169298172,
          -0.38674670457839966,
          -2.7373077869415283
        ],
        [
          0.0,
          0.8445862531661987,
          0.5354194641113281,
          3.7895820140838623
        ],
        [
          0.0,
          0.0,
          0.0,
          1.0
        ]
      ]
    },
    {
      "file_path": "im_2.png",
      "transform_matrix": [
        [
          0.7345625162124634,
          -0.5682536959648132,
          0.37081754207611084,
          2.6245641708374023
        ],
        [
          0.6785410046577454,
          0.6151697039604187,
          -0.4014328420162201,
          -2.841252565383911
        ],
        [
          0.0,
          0.5464923977851868,
          0.8374640345573425,
          5.927386283874512
        ],
        [
          0.0,
          0.0,
          0.0,
          1.0
        ]
      ]
    },
    {
      "file_path": "im_3.png",
      "transform_matrix": [
        [
          -0.8899085521697998,
          0.2482929825782776,
          -0.3826400339603424,
          -2.7082417011260986
        ],
        [
          -0.4561390280723572,
          -0.4844094216823578,
          0.7465150356292725,
          5.283668518066406
        ],
        [
          0.0,
          0.8388671278953552,
          0.544336199760437,
          3.8526926040649414
        ],
        [
          0.0,
          0.0,
          0.0,
          1.0
        ]
      ]
    },
    {
      "file_path": "im_4.png",
      "transform_matrix": [
        [
          0.9069926738739014,
          -0.4085812568664551,
          0.1021059900522232,
          0.7226832509040833
        ],
        [
          0.4211463928222656,
          0.8799320459365845,
          -0.21989832818508148,
          -1.5563908815383911
        ],
        [
          0.0,
          0.24244773387908936,
          0.9701644778251648,
          6.866611003875732
        ],
        [
          0.0,
          0.0,
          0.0,
          1.0
        ]
      ]
    },
    {
      "file_path": "im_5.png",
      "transform_matrix": [
        [
          0.4698561728000641,
          -0.22097477316856384,
          0.8546375632286072,
          6.048935890197754
        ],
        [
          0.8827430009841919,
          0.1176178827881813,
          -0.4548965394496918,
          -3.2196574211120605
        ],
        [
          0.0,
          0.9681612849235535,
          0.2503274381160736,
          1.771763563156128
        ],
        [
          0.0,
          0.0,
          0.0,
          1.0
        ]
      ]
    },
    {
      "file_path": "im_6.png",
      "transform_matrix": [
        [
          -0.7187913656234741,
          0.033331748098134995,
          -0.6944263577461243,
          -4.91499662399292
        ],
        [
          -0.6952258348464966,
          -0.03446156904101372,
          0.717964768409729,
          5.081596374511719
        ],
        [
          0.0,
          0.9988500475883484,
          0.04794376716017723,
          0.3393365740776062
        ],
        [
          0.0,
          0.0,
          0.0,
          1.0
        ]
      ]
    },
    {
      "file_path": "im_7.png",
      "transform_matrix": [
        [
          0.9657791256904602,
          -0.06667967140674591,
          0.25064805150032043,
          1.7740317583084106
        ],
        [
          0.25936582684516907,
          0.2482895851135254,
          -0.9333176016807556,
          -6.605815887451172
        ],
        [
          0.0,
          0.9663881659507751,
          0.2570873200893402,
          1.819608449935913
        ],
        [
          0.0,
          0.0,
          0.0,
          1.0
        ]
      ]
    },
    {
      "file_path": "im_8.png",
      "transform_matrix": [
        [
          -0.9101176857948303,
          -0.03159079700708389,
          0.4131438434123993,
          2.9241411685943604
        ],
        [
          0.41434988379478455,
          -0.06938904523849487,
          0.9074686169624329,
          6.422863006591797
        ],
        [
          0.0,
          0.9970893263816833,
          0.07624183595180511,
          0.5396240949630737
        ],
        [
          0.0,
          0.0,
          0.0,
          1.0
        ]
      ]
    },
    {
      "file_path": "im_9.png",
      "transform_matrix": [
        [
          0.4030458927154541,
          0.1605810523033142,
          -0.9009814858436584,
          -6.376948356628418
        ],
        [
          -0.9151797890663147,
          0.07072002440690994,
          -0.3967929780483246,
          -2.80841326713562
        ],
        [
          0.0,
          0.9844858050346375,
          0.1754639446735382,
          1.2418962717056274
        ],
        [
          0.0,
          0.0,
          0.0,
          1.0
        ]
      ]
    },
    {
      "file_path": "im_10.png",
      "transform_matrix": [
        [
          0.6395582556724548,
          0.3838355541229248,
          -0.666059672832489,
          -4.714223384857178
        ],
        [
          -0.7687426209449768,
          0.31933340430259705,
          -0.5541307926177979,
          -3.9220151901245117
        ],
        [
          0.0,
          0.8664273619651794,
          0.49930304288864136,
          3.5339579582214355
        ],
        [
          0.0,
          0.0,
          0.0,
          1.0
        ]
      ]
    },
    {
      "file_path": "im_11.png",
      "transform_matrix": [
        [
          -0.3854581117630005,
          0.16943098604679108,
          -0.9070364236831665,
          -6.419804096221924
        ],
        [
          -0.9227253198623657,
          -0.07077789306640625,
          0.3789042532444,
          2.6818008422851562
        ],
        [
          0.0,
          0.9829972982406616,
          0.1836201697587967,
          1.2996243238449097
        ],
        [
          0.0,
          0.0,
          0.0,
          1.0
        ]
      ]
    },
    {
      "file_path": "im_12.png",
      "transform_matrix": [
        [
          -0.34553062915802,
          0.9359064698219299,
          -0.068466417491436,
          -0.484589159488678
        ],
        [
          -0.9384074807167053,
          -0.34460973739624023,
          0.02520998939871788,
          0.17843036353588104
        ],
        [
          0.0,
          0.07296022027730942,
          0.9973348379135132,
          7.0589165687561035
        ],
        [
          0.0,
          0.0,
          0.0,
          1.0
        ]
      ]
    },
    {
      "file_path": "im_13.png",
      "transform_matrix": [
        [
          -0.18372927606105804,
          -0.6344935894012451,
          0.7507739067077637,
          5.313811302185059
        ],
        [
          0.9829769134521484,
          -0.11859388649463654,
          0.14032796025276184,
          0.9932103157043457
        ],
        [
          0.0,
          0.7637757658958435,
          0.6454817056655884,
          4.568578243255615
        ],
        [
          0.0,
          0.0,
          0.0,
          1.0
        ]
      ]
    },
    {
      "file_path": "im_14.png",
      "transform_matrix": [
        [
          -0.7900282144546509,
          -0.3100614547729492,
          0.5288830995559692,
          3.7433176040649414
        ],
        [
          0.6130704879760742,
          -0.3995581269264221,
          0.6815407872200012,
          4.823795318603516
        ],
        [
          0.0,
          0.8626790642738342,
          0.5057517290115356,
          3.5796000957489014
        ],
        [
          0.0,
          0.0,
          0.0,
          1.0
        ]
      ]
    },
    {
      "file_path": "im_15.png",
      "transform_matrix": [
        [
          -0.5612037181854248,
          -0.8272964358329773,
          0.025119291618466377,
          0.1777878701686859
        ],
        [
          0.8276777267456055,
          -0.5609452128410339,
          0.017032040283083916,
          0.12054838240146637
        ],
        [
          0.0,
          0.0303491223603487,
          0.9995393753051758,
          7.074519634246826
        ],
        [
          0.0,
          0.0,
          0.0,
          1.0
        ]
      ]
    },
    {
      "file_path": "im_16.png",
      "transform_matrix": [
        [
          0.02348303608596325,
          0.11442714184522629,
          -0.9931540489196777,
          -7.029325485229492
        ],
        [
          -0.9997242093086243,
          0.0026878381613641977,
          -0.023328706622123718,
          -0.16511544585227966
        ],
        [
          0.0,
          0.9934279918670654,
          0.11445870250463486,
          0.8101146221160889
        ],
        [
          0.0,
          0.0,
          0.0,
          1.0
        ]
      ]
    },
    {
      "file_path": "im_17.png",
      "transform_matrix": [
        [
          0.6205793619155884,
          -0.22797885537147522,
          0.750271201133728,
          5.310254096984863
        ],
        [
          0.7841436266899109,
          0.18042482435703278,
          -0.5937723517417908,
          -4.202589988708496
        ],
        [
          0.0,
          0.9568033218383789,
          0.2907361090183258,
          2.057767152786255
        ],
        [
          0.0,
          0.0,
          0.0,
          1.0
        ]
      ]
    },
    {
      "file_path": "im_18.png",
      "transform_matrix": [
        [
          -0.9989928007125854,
          0.038486298173666,
          -0.023068569600582123,
          -0.16327421367168427
        ],
        [
          -0.04487041383981705,
          -0.856857180595398,
          0.5135976076126099,
          3.635129928588867
        ],
        [
          0.0,
          0.5141153931617737,
          0.8577210307121277,
          6.070761203765869
        ],
        [
          0.0,
          0.0,
          0.0,
          1.0
        ]
      ]
    },
    {
      "file_path": "im_19.png",
      "transform_matrix": [
        [
          0.6128271818161011,
          -0.3363147974014282,
          0.7150770425796509,
          5.0611572265625
        ],
        [
          0.7902169227600098,
          0.2608180642127991,
          -0.5545548796653748,
          -3.9250168800354004
        ],
        [
          0.0,
          0.9049122929573059,
          0.42559805512428284,
          3.0122904777526855
        ],
        [
          0.0,
          0.0,
          0.0,
          1.0
        ]
      ]
    },
    {
      "file_path": "im_20.png",
      "transform_matrix": [
        [
          -0.3534203767776489,
          -0.32043591141700745,
          0.8788713812828064,
          6.220457553863525
        ],
        [
          0.93546462059021,
          -0.12106132507324219,
          0.33203935623168945,
          2.3501012325286865
        ],
        [
          0.0,
          0.9395025372505188,
          0.34254199266433716,
          2.4244377613067627
        ],
        [
          0.0,
          0.0,
          0.0,
          1.0
        ]
      ]
    },
    {
      "file_path": "im_21.png",
      "transform_matrix": [
        [
          -0.15352609753608704,
          0.3000071048736572,
          -0.9415017366409302,
          -6.663741588592529
        ],
        [
          -0.98814457654953,
          -0.046611521393060684,
          0.14627929031848907,
          1.035332441329956
        ],
        [
          0.0,
          0.952797532081604,
          0.30360648036003113,
          2.1488609313964844
        ],
        [
          0.0,
          0.0,
          0.0,
          1.0
        ]
      ]
    },
    {
      "file_path": "im_22.png",
      "transform_matrix": [
        [
          0.7927588224411011,
          -0.0166579969227314,
          0.6093077659606934,
          4.312546253204346
        ],
        [
          0.6095354557037354,
          0.021665308624505997,
          -0.7924627065658569,
          -5.608876705169678
        ],
        [
          0.0,
          0.9996265172958374,
          0.02732900343835354,
          0.19342981278896332
        ],
        [
          0.0,
          0.0,
          0.0,
          1.0
        ]
      ]
    },
    {
      "file_path": "im_23.png",
      "transform_matrix": [
        [
          0.03328288346529007,
          -0.8281598091125488,
          0.559502899646759,
          3.9600374698638916
        ],
        [
          0.9994459748268127,
          0.027578826993703842,
          -0.0186321921646595,
          -0.13187453150749207
        ],
        [
          0.0,
          0.5598130822181702,
          0.8286188840866089,
          5.864782810211182
        ],
        [
          0.0,
          0.0,
          0.0,
          1.0
        ]
      ]
    },
    {
      "file_path": "im_24.png",
      "transform_matrix": [
        [
          0.05698502063751221,
          0.38467344641685486,
          -0.9212920665740967,
          -6.520701885223389
        ],
        [
          -0.9983750581741333,
          0.021956302225589752,
          -0.05258529633283615,
          -0.3721871078014374
        ],
        [
          0.0,
          0.9227915406227112,
          0.38529956340789795,
          2.7270665168762207
        ],
        [
          0.0,
          0.0,
          0.0,
          1.0
        ]
      ]
    },
    {
      "file_path": "im_25.png",
      "transform_matrix": [
        [
          0.567996621131897,
          -0.035215020179748535,
          0.8222771286964417,
          5.819896221160889
        ],
        [
          0.8230308890342712,
          0.02430286817252636,
          -0.5674764513969421,
          -4.016473293304443
        ],
        [
          0.0,
          0.9990842342376709,
          0.04278699681162834,
          0.3028380870819092
        ],
        [
          0.0,
          0.0,
          0.0,
          1.0
        ]
      ]
    },
    {
      "file_path": "im_26.png",
      "transform_matrix": [
        [
          -0.9194629788398743,
          -0.016295749694108963,
          0.3928387463092804,
          2.780426025390625
        ],
        [
          0.3931765854358673,
          -0.03810841962695122,
          0.9186729192733765,
          6.502164840698242
        ],
        [
          0.0,
          0.999140739440918,
          0.04144638404250145,
          0.2933495342731476
        ],
        [
          0.0,
          0.0,
          0.0,
          1.0
        ]
      ]
    },
    {
      "file_path": "im_27.png",
      "transform_matrix": [
        [
          0.8801978230476379,
          -0.346156507730484,
          0.32469600439071655,
          2.298126459121704
        ],
        [
          0.47460705041885376,
          0.6419757008552551,
          -0.6021754741668701,
          -4.262064456939697
        ],
        [
          0.0,
          0.6841365098953247,
          0.7293539643287659,
          5.16220760345459
        ],
        [
          0.0,
          0.0,
          0.0,
          1.0
        ]
      ]
    },
    {
      "file_path": "im_28.png",
      "transform_matrix": [
        [
          -0.9147476553916931,
          -0.29466235637664795,
          0.27642515301704407,
          1.9564759731292725
        ],
        [
          0.40402570366859436,
          -0.667140007019043,
          0.6258493661880493,
          4.429623126983643
        ],
        [
          0.0,
          0.6841771006584167,
          0.7293159365653992,
          5.161938190460205
        ],
        [
          0.0,
          0.0,
          0.0,
          1.0
        ]
      ]
    },
    {
      "file_path": "im_29.png",
      "transform_matrix": [
        [
          0.7221383452415466,
          -0.3366309702396393,
          0.6043143272399902,
          4.27720308303833
        ],
        [
          0.6917486190795898,
          0.3514197766780853,
          -0.6308628916740417,
          -4.465108394622803
        ],
        [
          0.0,
          0.873603880405426,
          0.486637681722641,
          3.4443154335021973
        ],
        [
          0.0,
          0.0,
          0.0,
          1.0
        ]
      ]
    }
  ]
}