{
  "camera_angle_x": 0.7853981633974483,
  "fl_x": 1236.0773439350246,
  "fl_y": 1236.0773439350246,
  "w": 1024,
  "h": 1024,
  "cx": 512,
  "cy": 512,
  "frames": [
    {
      "file_path": "images/train_00.png",
      "transform_matrix": [
        [
          0,
          -6.123233995736757e-17,
          1,
          5
        ],
        [
          1,
          0,
          0,
          0
        ],
        [
          0,
          1,
          6.123233995736757e-17,
          3.0616169978683787e-16
        ],
        [
          0,
          0,
          0,
          1
        ]
      ],
      "time": 0
    },
    {
      "file_path": "images/train_01.png",
      "transform_matrix": [
        [
          -0.3826834323650898,
          -5.657130561438491e-17,
          0.9238795325112866,
          4.619397662556435
        ],
        [
          0.9238795325112866,
          -2.3432602026631453e-17,
          0.3826834323650898,
          1.9134171618254492
        ],
        [
          3.081487911019576e-33,
          0.9999999999999998,
          6.123233995736756e-17,
          3.0616169978683787e-16
        ],
        [
          0,
          0,
          0,
          1
        ]
      ],
      "time": 0
    },
    {
      "file_path": "images/train_02.png",
      "transform_matrix": [
        [
          -0.7071067811865475,
          -4.329780281177461e-17,
          0.7071067811865476,
          3.5355339059327378
        ],
        [
          0.7071067811865476,
          -4.32978028117746e-17,
          0.7071067811865475,
          3.5355339059327373
        ],
        [
          0,
          1,
          6.123233995736757e-17,
          3.0616169978683787e-16
        ],
        [
          0,
          0,
          0,
          1
        ]
      ],
      "time": 0
    },
    {
      "file_path": "images/train_03.png",
      "transform_matrix": [
        [
          -0.9238795325112866,
          -2.3432602026631453e-17,
          0.3826834323650898,
          1.9134171618254494
        ],
        [
          0.3826834323650898,
          -5.657130561438491e-17,
          0.9238795325112866,
          4.619397662556435
        ],
        [
          -3.081487911019576e-33,
          0.9999999999999998,
          6.123233995736756e-17,
          3.0616169978683787e-16
        ],
        [
          0,
          0,
          0,
          1
        ]
      ],
      "time": 0
    },
    {
      "file_path": "images/train_04.png",
      "transform_matrix": [
        [
          -1,
          -3.749399456654634e-33,
          6.123233995736757e-17,
          3.0616169978683787e-16
        ],
        [
          6.123233995736757e-17,
          -6.123233995736757e-17,
          1,
          5
        ],
        [
          0,
          1,
          6.123233995736757e-17,
          3.0616169978683787e-16
        ],
        [
          0,
          0,
          0,
          1
        ]
      ],
      "time": 0
    },
    {
      "file_path": "images/train_05.png",
      "transform_matrix": [
        [
          -0.9238795325112866,
          2.3432602026631447e-17,
          -0.38268343236508967,
          -1.9134171618254487
        ],
        [
          -0.38268343236508967,
          -5.657130561438491e-17,
          0.9238795325112866,
          4.619397662556435
        ],
        [
          3.081487911019576e-33,
          0.9999999999999998,
          6.123233995736755e-17,
          3.061616997868378e-16
        ],
        [
          0,
          0,
          0,
          1
        ]
      ],
      "time": 0
    },
    {
      "file_path": "images/train_06.png",
      "transform_matrix": [
        [
          -0.7071067811865476,
          4.32978028117746e-17,
          -0.7071067811865475,
          -3.5355339059327373
        ],
        [
          -0.7071067811865475,
          -4.329780281177461e-17,
          0.7071067811865476,
          3.5355339059327378
        ],
        [
          0,
          1,
          6.123233995736757e-17,
          3.0616169978683787e-16
        ],
        [
          0,
          0,
          0,
          1
        ]
      ],
      "time": 0
    },
    {
      "file_path": "images/train_07.png",
      "transform_matrix": [
        [
          -0.3826834323650898,
          5.657130561438491e-17,
          -0.9238795325112866,
          -4.619397662556435
        ],
        [
          -0.9238795325112866,
          -2.3432602026631453e-17,
          0.3826834323650898,
          1.9134171618254494
        ],
        [
          -3.081487911019576e-33,
          0.9999999999999998,
          6.123233995736756e-17,
          3.0616169978683787e-16
        ],
        [
          0,
          0,
          0,
          1
        ]
      ],
      "time": 0
    },
    {
      "file_path": "images/train_08.png",
      "transform_matrix": [
        [
          -1.2246467991473515e-16,
          6.123233995736757e-17,
          -1,
          -5
        ],
        [
          -1,
          -7.498798913309268e-33,
          1.2246467991473515e-16,
          6.123233995736757e-16
        ],
        [
          0,
          1,
          6.123233995736757e-17,
          3.0616169978683787e-16
        ],
        [
          0,
          0,
          0,
          1
        ]
      ],
      "time": 0
    },
    {
      "file_path": "images/train_09.png",
      "transform_matrix": [
        [
          0.3826834323650892,
          5.657130561438495e-17,
          -0.923879532511287,
          -4.619397662556435
        ],
        [
          -0.923879532511287,
          2.3432602026631425e-17,
          -0.3826834323650892,
          -1.913417161825446
        ],
        [
          0,
          1,
          6.123233995736757e-17,
          3.0616169978683787e-16
        ],
        [
          0,
          0,
          0,
          1
        ]
      ],
      "time": 0
    },
    {
      "file_path": "images/train_10.png",
      "transform_matrix": [
        [
          0.7071067811865474,
          4.32978028117746e-17,
          -0.7071067811865477,
          -3.5355339059327386
        ],
        [
          -0.7071067811865476,
          4.329780281177459e-17,
          -0.7071067811865475,
          -3.5355339059327373
        ],
        [
          0,
          1,
          6.123233995736757e-17,
          3.0616169978683787e-16
        ],
        [
          0,
          0,
          0,
          1
        ]
      ],
      "time": 0
    },
    {
      "file_path": "images/train_11.png",
      "transform_matrix": [
        [
          0.9238795325112868,
          2.3432602026631444e-17,
          -0.38268343236508956,
          -1.9134171618254476
        ],
        [
          -0.38268343236508956,
          5.657130561438494e-17,
          -0.9238795325112868,
          -4.619397662556434
        ],
        [
          -3.0814879110195774e-33,
          1,
          6.123233995736757e-17,
          3.0616169978683787e-16
        ],
        [
          0,
          0,
          0,
          1
        ]
      ],
      "time": 0
    },
    {
      "file_path": "images/train_12.png",
      "transform_matrix": [
        [
          1,
          1.12481983699639e-32,
          -1.8369701987210272e-16,
          -9.184850993605136e-16
        ],
        [
          -1.8369701987210272e-16,
          6.123233995736757e-17,
          -1,
          -5
        ],
        [
          0,
          1,
          6.123233995736757e-17,
          3.0616169978683787e-16
        ],
        [
          0,
          0,
          0,
          1
        ]
      ],
      "time": 0
    },
    {
      "file_path": "images/train_13.png",
      "transform_matrix": [
        [
          0.9238795325112866,
          -2.3432602026631474e-17,
          0.38268343236509006,
          1.9134171618254499
        ],
        [
          0.38268343236509006,
          5.657130561438493e-17,
          -0.9238795325112866,
          -4.619397662556432
        ],
        [
          0,
          1,
          6.123233995736757e-17,
          3.061616997868378e-16
        ],
        [
          0,
          0,
          0,
          1
        ]
      ],
      "time": 0
    },
    {
      "file_path": "images/train_14.png",
      "transform_matrix": [
        [
          0.7071067811865476,
          -4.329780281177459e-17,
          0.7071067811865475,
          3.5355339059327373
        ],
        [
          0.7071067811865474,
          4.32978028117746e-17,
          -0.7071067811865477,
          -3.5355339059327386
        ],
        [
          0,
          1,
          6.123233995736757e-17,
          3.0616169978683787e-16
        ],
        [
          0,
          0,
          0,
          1
        ]
      ],
      "time": 0
    },
    {
      "file_path": "images/train_15.png",
      "transform_matrix": [
        [
          0.3826834323650896,
          -5.657130561438494e-17,
          0.9238795325112868,
          4.619397662556434
        ],
        [
          0.9238795325112868,
          2.343260202663145e-17,
          -0.3826834323650896,
          -1.9134171618254479
        ],
        [
          -3.0814879110195774e-33,
          1,
          6.123233995736757e-17,
          3.0616169978683787e-16
        ],
        [
          0,
          0,
          0,
          1
        ]
      ],
      "time": 0
    },
    {
      "file_path": "images/eval_00.png",
      "transform_matrix": [
        [
          0,
          -0.32458607759756347,
          0.9458561614906509,
          4.729280807453255
        ],
        [
          1,
          0,
          0,
          0
        ],
        [
          0,
          0.9458561614906509,
          0.32458607759756347,
          1.622930387987817
        ],
        [
          0,
          0,
          0,
          1
        ]
      ],
      "time": 0
    },
    {
      "file_path": "images/eval_01.png",
      "transform_matrix": [
        [
          -0.2486898871648548,
          -0.3903599790540997,
          0.8864380558024428,
          4.432190279012213
        ],
        [
          0.9685831611286311,
          -0.10022740745515271,
          0.22759860889927913,
          1.1379930444963955
        ],
        [
          0,
          0.9151904465998877,
          0.40302164514117395,
          2.015108225705869
        ],
        [
          0,
          0,
          0,
          1
        ]
      ],
      "time": 0
    },
    {
      "file_path": "images/eval_02.png",
      "transform_matrix": [
        [
          -0.4817536741017153,
          -0.589995734738895,
          0.6479339707712581,
          3.239669853856292
        ],
        [
          0.8763066800438637,
          -0.32435289994659905,
          0.3562047147452334,
          1.7810235737261677
        ],
        [
          2.7755575615628914e-17,
          0.7393917968750687,
          0.6732754048039011,
          3.366377024019507
        ],
        [
          0,
          0,
          0,
          1
        ]
      ],
      "time": 0
    },
    {
      "file_path": "images/eval_03.png",
      "transform_matrix": [
        [
          -0.6845471059286885,
          0.35368280333977764,
          0.637419590526031,
          3.1870979526301553
        ],
        [
          0.7289686274214116,
          0.33213025956880693,
          0.5985768379365345,
          2.9928841896826723
        ],
        [
          0,
          0.8744129260826793,
          -0.48518247567232575,
          -2.4259123783616285
        ],
        [
          0,
          0,
          0,
          1
        ]
      ],
      "time": 0
    },
    {
      "file_path": "images/eval_04.png",
      "transform_matrix": [
        [
          -0.8443279255020152,
          -0.21207444213681048,
          0.4920719309306561,
          2.4603596546532804
        ],
        [
          0.5358267949789968,
          -0.3341758483511247,
          0.7753812921146231,
          3.8769064605731156
        ],
        [
          0,
          0.9183414034939116,
          0.39578916941830683,
          1.9789458470915342
        ],
        [
          0,
          0,
          0,
          1
        ]
      ],
      "time": 0
    },
    {
      "file_path": "images/eval_05.png",
      "transform_matrix": [
        [
          -0.9510565162951538,
          0.22286485997003153,
          0.21406250723343534,
          1.0703125361671768
        ],
        [
          0.3090169943749475,
          0.6859075105446341,
          0.6588166544388024,
          3.2940832721940128
        ],
        [
          0,
          0.6927208248414372,
          -0.7212058366589936,
          -3.606029183294968
        ],
        [
          0,
          0,
          0,
          1
        ]
      ],
      "time": 0
    },
    {
      "file_path": "images/eval_06.png",
      "transform_matrix": [
        [
          -0.9980267284282717,
          -0.04855830213915642,
          0.039808800988267654,
          0.19904400494133834
        ],
        [
          0.06279051952931353,
          -0.7718121108927806,
          0.6327427724885283,
          3.163713862442642
        ],
        [
          3.469446951953615e-18,
          0.6339938144592524,
          0.7733381170144191,
          3.866690585072095
        ],
        [
          0,
          0,
          0,
          1
        ]
      ],
      "time": 0
    },
    {
      "file_path": "images/eval_07.png",
      "transform_matrix": [
        [
          -0.982287250728689,
          -0.17258874958232204,
          -0.07297177929504506,
          -0.3648588964752254
        ],
        [
          -0.18738131458572446,
          0.9047419093453034,
          0.38253146330510013,
          1.912657316525501
        ],
        [
          1.3877787807814463e-17,
          0.38942932733915403,
          -0.9210563495292644,
          -4.6052817476463215
        ],
        [
          0,
          0,
          0,
          1
        ]
      ],
      "time": 0
    },
    {
      "file_path": "images/eval_08.png",
      "transform_matrix": [
        [
          -0.9048270524660194,
          0.3540929019086093,
          -0.23644496599334752,
          -1.1822248299667377
        ],
        [
          -0.42577929156507277,
          -0.7524857199029368,
          0.5024711297343394,
          2.5123556486716976
        ],
        [
          2.7755575615628907e-17,
          0.5553228413815684,
          0.8316348608854136,
          4.158174304427067
        ],
        [
          0,
          0,
          0,
          1
        ]
      ],
      "time": 0
    },
    {
      "file_path": "images/eval_09.png",
      "transform_matrix": [
        [
          -0.7705132427757897,
          -0.24141655795732972,
          -0.5899384614103174,
          -2.9496923070515866
        ],
        [
          -0.6374239897486895,
          0.2918224885210384,
          0.7131130993652066,
          3.5655654968260335
        ],
        [
          0,
          0.925504014436147,
          -0.37873779750980274,
          -1.8936889875490135
        ],
        [
          0,
          0,
          0,
          1
        ]
      ],
      "time": 0
    },
    {
      "file_path": "images/eval_10.png",
      "transform_matrix": [
        [
          -0.5877852522924734,
          0.0399727935998379,
          -0.8080288812655758,
          -4.04014440632788
        ],
        [
          -0.8090169943749473,
          -0.02904193451346275,
          0.5870673460960353,
          2.935336730480177
        ],
        [
          -3.4694469519536134e-18,
          0.9987786250273583,
          0.049409090139968165,
          0.24704545069984096
        ],
        [
          0,
          0,
          0,
          1
        ]
      ],
      "time": 0
    },
    {
      "file_path": "images/eval_11.png",
      "transform_matrix": [
        [
          -0.36812455268467775,
          0.41802655302802655,
          -0.830504734889701,
          -4.152523674448505
        ],
        [
          -0.9297764858882517,
          -0.16550842076496144,
          0.32882008598195844,
          1.644100429909792
        ],
        [
          2.7755575615628914e-17,
          0.8932305209851459,
          0.4495989728420262,
          2.247994864210131
        ],
        [
          0,
          0,
          0,
          1
        ]
      ],
      "time": 0
    },
    {
      "file_path": "images/eval_12.png",
      "transform_matrix": [
        [
          -0.12533323356430454,
          -0.5977045137430497,
          -0.791859138240824,
          -3.959295691204119
        ],
        [
          -0.9921147013144779,
          0.07550763971559295,
          0.10003507275083436,
          0.5001753637541717
        ],
        [
          -6.93889390390723e-18,
          0.7981528115566374,
          -0.6024550517708647,
          -3.012275258854323
        ],
        [
          0,
          0,
          0,
          1
        ]
      ],
      "time": 0
    },
    {
      "file_path": "images/eval_13.png",
      "transform_matrix": [
        [
          0.12533323356430426,
          -0.38261020164689613,
          -0.9153693321059193,
          -4.576846660529597
        ],
        [
          -0.9921147013144777,
          -0.04833490896119252,
          -0.11563803877357,
          -0.5781901938678501
        ],
        [
          1.387778780781445e-17,
          0.922644660837223,
          -0.38565117636092505,
          -1.9282558818046251
        ],
        [
          0,
          0,
          0,
          1
        ]
      ],
      "time": 0
    },
    {
      "file_path": "images/eval_14.png",
      "transform_matrix": [
        [
          0.36812455268467753,
          0.004608064764918637,
          -0.9297650668044204,
          -4.648825334022102
        ],
        [
          -0.9297764858882516,
          0.0018244619067851733,
          -0.36812003154955397,
          -1.8406001577477695
        ],
        [
          0,
          0.9999877184635184,
          0.004956099487197049,
          0.024780497435985246
        ],
        [
          0,
          0,
          0,
          0.9999999999999999
        ]
      ],
      "time": 0
    },
    {
      "file_path": "images/eval_15.png",
      "transform_matrix": [
        [
          0.587785252292473,
          0.18199271879053042,
          -0.7882811348083276,
          -3.9414056740416377
        ],
        [
          -0.8090169943749476,
          0.13222544998864064,
          -0.5727197684625768,
          -2.8635988423128844
        ],
        [
          -1.3877787807814454e-17,
          0.9743690680037684,
          0.22495537183509884,
          1.1247768591754943
        ],
        [
          0,
          0,
          0,
          1
        ]
      ],
      "time": 0
    },
    {
      "file_path": "images/eval_16.png",
      "transform_matrix": [
        [
          0.7705132427757893,
          -0.06270722371212652,
          -0.6343320477490121,
          -3.1716602387450608
        ],
        [
          -0.6374239897486897,
          -0.0758000123386426,
          -0.7667757269386688,
          -3.8338786346933436
        ],
        [
          0,
          0.9951493165469084,
          -0.09837600203413967,
          -0.4918800101706984
        ],
        [
          0,
          0,
          0,
          1
        ]
      ],
      "time": 0
    },
    {
      "file_path": "images/eval_17.png",
      "transform_matrix": [
        [
          0.9048270524660194,
          -0.049009884397316676,
          -0.4229492125031293,
          -2.114746062515646
        ],
        [
          -0.42577929156507305,
          -0.10415130589822721,
          -0.8988128283208016,
          -4.494064141604007
        ],
        [
          0,
          0.993353178235745,
          -0.1151063129847553,
          -0.5755315649237763
        ],
        [
          0,
          0,
          0,
          1
        ]
      ],
      "time": 0
    },
    {
      "file_path": "images/eval_18.png",
      "transform_matrix": [
        [
          0.9822872507286886,
          -0.15463084819542836,
          -0.10583505015937303,
          -0.5291752507968652
        ],
        [
          -0.18738131458572552,
          -0.8106032935436748,
          -0.5548067622517522,
          -2.7740338112587613
        ],
        [
          0,
          0.5648111200060684,
          -0.8252202122570014,
          -4.1261010612850075
        ],
        [
          0,
          0,
          0,
          1
        ]
      ],
      "time": 0
    },
    {
      "file_path": "images/eval_19.png",
      "transform_matrix": [
        [
          0.9980267284282714,
          -0.030928528421321988,
          0.0546449949442088,
          0.27322497472104396
        ],
        [
          0.06279051952931371,
          0.4915948819474622,
          -0.8685573226335147,
          -4.342786613167574
        ],
        [
          3.4694469519536134e-18,
          0.870274610782569,
          0.49256685010996004,
          2.4628342505498004
        ],
        [
          0,
          0,
          0,
          1
        ]
      ],
      "time": 0
    },
    {
      "file_path": "images/eval_20.png",
      "transform_matrix": [
        [
          0.9510565162951541,
          -0.2948348766921062,
          0.09254133291927853,
          0.4627066645963928
        ],
        [
          0.3090169943749473,
          0.9074084461803917,
          -0.2848129368339181,
          -1.4240646841695908
        ],
        [
          0,
          0.29947004405522465,
          0.9541057031134245,
          4.770528515567123
        ],
        [
          0,
          0,
          0,
          1.0000000000000002
        ]
      ],
      "time": 0
    },
    {
      "file_path": "images/eval_21.png",
      "transform_matrix": [
        [
          0.8443279255020152,
          -0.49124439150887006,
          0.21398434996172913,
          1.0699217498086457
        ],
        [
          0.5358267949789968,
          0.774077298641704,
          -0.33718538151897753,
          -1.6859269075948884
        ],
        [
          2.7755575615628914e-17,
          0.3993535821031811,
          0.916796987593959,
          4.583984937969796
        ],
        [
          0,
          0,
          0,
          1
        ]
      ],
      "time": 0
    },
    {
      "file_path": "images/eval_22.png",
      "transform_matrix": [
        [
          0.6845471059286882,
          -0.680080530509451,
          0.2624609147790211,
          1.3123045738951058
        ],
        [
          0.7289686274214119,
          0.6386381271378939,
          -0.2464672043115386,
          -1.2323360215576935
        ],
        [
          0,
          0.36004418421602963,
          0.9329352525294632,
          4.664676262647317
        ],
        [
          0,
          0,
          0,
          1
        ]
      ],
      "time": 0
    },
    {
      "file_path": "images/eval_23.png",
      "transform_matrix": [
        [
          0.4817536741017152,
          0.16945759415709494,
          0.8597659688961803,
          4.2988298444809026
        ],
        [
          0.8763066800438636,
          -0.09316010073725729,
          -0.47266034119769945,
          -2.363301705988498
        ],
        [
          0,
          0.9811245177922694,
          -0.19337704255388388,
          -0.9668852127694195
        ],
        [
          0,
          0,
          0,
          1
        ]
      ],
      "time": 0
    },
    {
      "file_path": "images/eval_24.png",
      "transform_matrix": [
        [
          0.24868988716485532,
          -0.755362134335493,
          0.6062849050026397,
          3.031424525013199
        ],
        [
          0.9685831611286309,
          0.19394403237157956,
          -0.15566750555437112,
          -0.7783375277718557
        ],
        [
          0,
          0.6259502842235793,
          0.7798629633983266,
          3.8993148169916343
        ],
        [
          0,
          0,
          0,
          0.9999999999999998
        ]
      ],
      "time": 0
    }
  ]
}