{
  "camera_angle_x": 0.6911112070083618,
  "frames": [
    {
      "file_path": "im_0.png",
      "transform_matrix": [
        [
          0.8434560298919678,
          0.3103204071521759,
          -0.4385010898113251,
          -4.859070301055908
        ],
        [
          -0.5371982455253601,
          0.4872346520423889,
          -0.6884914040565491,
          -7.629235744476318
        ],
        [
          0.0,
          0.8162742853164673,
          0.5776646137237549,
          6.401155948638916
        ],
        [
          0.0,
          0.0,
          0.0,
          1.0
        ]
      ]
    },
    {
      "file_path": "im_1.png",
      "transform_matrix": [
        [
          0.06666678935289383,
          -0.1359371840953827,
          0.9884718656539917,
          10.953347206115723
        ],
        [
          0.9977753162384033,
          0.009082701988518238,
          -0.06604517251253128,
          -0.731852650642395
        ],
        [
          0.0,
          0.9906758069992065,
          0.13624028861522675,
          1.5096930265426636
        ],
        [
          0.0,
          0.0,
          0.0,
          1.0
        ]
      ]
    },
    {
      "file_path": "im_2.png",
      "transform_matrix": [
        [
          0.8921606540679932,
          -0.04398275911808014,
          0.4495718777179718,
          4.981747150421143
        ],
        [
          0.4517182409763336,
          0.08686762303113937,
          -0.8879215121269226,
          -9.839139938354492
        ],
        [
          0.0,
          0.9952484369277954,
          0.09736768156290054,
          1.078942060470581
        ],
        [
          0.0,
          0.0,
          0.0,
          1.0
        ]
      ]
    },
    {
      "file_path": "im_3.png",
      "transform_matrix": [
        [
          -0.9768246412277222,
          -0.16289803385734558,
          0.1388445943593979,
          1.5385494232177734
        ],
        [
          0.2140410989522934,
          -0.7434217929840088,
          0.6336485147476196,
          7.0215163230896
        ],
        [
          0.0,
          0.6486819386482239,
          0.7610596418380737,
          8.43337345123291
        ],
        [
          0.0,
          0.0,
          0.0,
          1.0
        ]
      ]
    },
    {
      "file_path": "im_4.png",
      "transform_matrix": [
        [
          0.463443398475647,
          -0.5538181066513062,
          0.6917411088943481,
          7.665245532989502
        ],
        [
          0.8861265182495117,
          0.2896463871002197,
          -0.36177998781204224,
          -4.008916854858398
        ],
        [
          0.0,
          0.7806347012519836,
          0.6249876022338867,
          6.925546169281006
        ],
        [
          0.0,
          0.0,
          0.0,
          1.0
        ]
      ]
    },
    {
      "file_path": "im_5.png",
      "transform_matrix": [
        [
          0.8658438324928284,
          0.49374812841415405,
          -0.08079161494970322,
          -0.8952584266662598
        ],
        [
          -0.5003144145011902,
          0.8544802665710449,
          -0.13981792330741882,
          -1.5493338108062744
        ],
        [
          0.0,
          0.16148169338703156,
          0.9868757128715515,
          10.935660362243652
        ],
        [
          0.0,
          0.0,
          0.0,
          1.0
        ]
      ]
    },
    {
      "file_path": "im_6.png",
      "transform_matrix": [
        [
          0.34379786252975464,
          -0.07272285223007202,
          0.9362235069274902,
          10.37437915802002
        ],
        [
          0.9390437006950378,
          0.02662491612136364,
          -0.34276533126831055,
          -3.7982141971588135
        ],
        [
          0.0,
          0.9969967007637024,
          0.07744351774454117,
          0.8581605553627014
        ],
        [
          0.0,
          0.0,
          0.0,
          1.0
        ]
      ]
    },
    {
      "file_path": "im_7.png",
      "transform_matrix": [
        [
          0.9240267276763916,
          -0.007239767350256443,
          0.3822592496871948,
          4.235849857330322
        ],
        [
          0.3823278248310089,
          0.017497390508651733,
          -0.9238610863685608,
          -10.23738956451416
        ],
        [
          0.0,
          0.9998207092285156,
          0.018936021253466606,
          0.20983359217643738
        ],
        [
          0.0,
          0.0,
          0.0,
          1.0
        ]
      ]
    },
    {
      "file_path": "im_8.png",
      "transform_matrix": [
        [
          -0.713294267654419,
          0.22358869016170502,
          -0.6642435193061829,
          -7.3605427742004395
        ],
        [
          -0.7008646726608276,
          -0.22755394876003265,
          0.6760236024856567,
          7.491078853607178
        ],
        [
          0.0,
          0.9477485418319702,
          0.31901833415031433,
          3.5350730419158936
        ],
        [
          0.0,
          0.0,
          0.0,
          1.0
        ]
      ]
    },
    {
      "file_path": "im_9.png",
      "transform_matrix": [
        [
          0.9929503202438354,
          -0.06415457278490067,
          0.09966842830181122,
          1.1044349670410156
        ],
        [
          0.11853103339672089,
          0.5374314785003662,
          -0.8349357843399048,
          -9.251999855041504
        ],
        [
          0.0,
          0.8408635854721069,
          0.5412470698356628,
          5.997609615325928
        ],
        [
          0.0,
          0.0,
          0.0,
          1.0
        ]
      ]
    }
  ]
}